""	""	""	""	""	""	""	""	""	"rnkIndex"	""
"1"	2	4	1	100	0.1	1	900	8110.334373	5.505	1	Inf
"2"	2	4	1	50	0.1	0.1	50	34740.645038	0.053	1	Inf
"3"	2	4	1	50	0.1	0.5	50	26121.311534	0.088	1	0.0690445078330304
"4"	2	4	1	50	0.1	0.5	1000	8178.499689	1.855	1	0.0671745023086197
"5"	2	4	1	50	0.1	0.25	100	21487.873922	0.137	1	0.0617589773171769
"6"	2	4	1	50	0.1	0.25	100	22543.86153	0.135	1	0.0611082770929036
"7"	2	4	1	50	0.1	0.1	50	33209.951545	0.054	1	0.0548886762509693
"8"	2	4	1	50	0.1	0.25	100	20265.887787	0.14	1	0.050050041395214
"9"	2	4	1	50	0.1	0.1	50	32715.802636	0.057	1	0.0483742500005875
"10"	2	4	1	50	0.1	0.25	100	23743.071046	0.134	1	0.0446164949735277
"11"	2	4	1	50	0.1	0.25	50	29501.108831	0.067	1	0.0418043466180322
"12"	2	4	1	50	0.1	0.25	50	27946.11266	0.07	1	0.041138810045361
"13"	2	4	1	50	0.1	0.1	50	31425.72472	0.058	1	0.0379009613912434
"14"	2	4	1	50	0.1	0.25	50	30518.621488	0.066	1	0.0376573559560677
"15"	2	4	1	50	0.1	0.5	50	27429.803837	0.087	1	0.0357654720857047
"16"	2	4	1	50	0.1	0.5	50	24880.846884	0.089	1	0.0338172298895035
"17"	2	4	1	50	0.1	0.5	150	14247.445546	0.27	1	0.0329000430208439
"18"	2	4	1	50	0.1	0.25	150	17050.316933	0.211	1	0.0328421546303984
"19"	2	4	1	50	0.1	0.5	150	15396.344627	0.266	1	0.0325378641439267
"20"	2	4	1	50	0.1	0.5	150	15210.816163	0.269	1	0.0311733863461553
"21"	2	4	1	50	0.1	0.5	100	18422.553691	0.178	1	0.0303280059872576
"22"	2	4	1	50	0.1	0.25	150	16379.932909	0.217	1	0.0294202063376079
"23"	2	4	1	50	0.1	0.25	50	28949.886678	0.069	1	0.0279118507205981
"24"	2	4	1	50	0.1	0.5	300	11371.99051	0.535	1	0.0273819888117559
"25"	2	4	1	50	0.1	0.25	100	19641.750393	0.141	1	0.0259746680279195
"26"	2	4	1	50	0.1	0.5	100	19298.202501	0.177	1	0.0245786347708354
"27"	2	4	1	50	0.1	0.75	150	13866.679151	0.331	1	0.022983961855249
"28"	2	4	1	50	0.1	0.25	50	30890.756066	0.065	1	0.0217387292295183
"29"	2	4	1	50	0.1	0.25	150	17658.958277	0.207	1	0.0209776377018558
"30"	2	4	1	50	0.1	0.5	300	10641.030585	0.536	1	0.0206856184403321
"31"	2	4	1	50	0.1	0.25	100	24190.550166	0.133	1	0.0201078794114084
"32"	2	4	1	50	0.1	0.75	150	13186.936023	0.333	1	0.0199377353125019
"33"	2	4	1	50	0.1	0.25	150	16449.050655	0.212	1	0.0182521154871422
"34"	2	4	1	50	0.1	0.5	400	9523.314531	0.73	1	0.0173266041075867
"35"	2	4	1	50	0.1	0.75	400	8956.364456	1.042	1	0.0157269053985922
"36"	2	4	1	50	0.1	0.75	500	8682.811669	1.116	1	0.0152507144868223
"37"	2	4	1	50	0.1	0.25	50	28975.801815	0.068	1	0.0149578348724458
"38"	2	4	1	50	0.1	0.25	50	31320.301432	0.064	1	0.0146029027080848
"39"	2	4	1	50	0.1	0.25	50	27431.649134	0.071	1	0.0142679365855513
"40"	2	4	1	50	0.1	0.75	50	24471.939064	0.112	1	0.0142012077122756
"41"	2	4	1	50	0.1	0.75	400	9248.816067	0.884	1	0.0132654536452515
"42"	2	4	1	50	0.1	0.75	300	9759.892589	0.679	1	0.012507460802726
"43"	2	4	1	50	0.1	0.5	300	10425.210482	0.549	1	0.0123737584769248
"44"	2	4	1	50	0.1	0.5	200	12646.059392	0.36	1	0.0119844124357001
"45"	2	4	1	50	0.1	0.75	200	11602.734439	0.457	1	0.0119831090480689
"46"	2	4	1	50	0.1	0.5	300	10164.748507	0.557	1	0.0114260235583374
"47"	2	4	1	50	0.1	0.5	150	14000.656663	0.277	1	0.0113472734881461
"48"	2	4	1	50	0.1	0.75	50	24699.992993	0.109	1	0.0112464335396256
"49"	2	4	1	50	0.1	0.75	200	11758.007999	0.445	1	0.0107409495966775
"50"	2	4	1	50	0.1	0.5	100	19329.127832	0.176	1	0.00991404434165504
"51"	2	4	1	50	0.1	0.75	200	11990.657435	0.443	1	0.00986418798984915
"52"	2	4	1	50	0.1	0.25	150	17820.741555	0.204	1	0.00961418444777227
"53"	2	4	1	50	0.1	0.5	100	18180.528224	0.181	1	0.00929306456290268
"54"	2	4	1	50	0.1	0.75	150	13134.035402	0.337	1	0.00896569596237725
"55"	2	4	1	50	0.1	0.75	600	8583.580947	1.345	1	0.00816272756418131
"56"	2	4	1	50	0.1	0.5	200	12869.613519	0.355	1	0.00794308548711268
"57"	2	4	1	50	0.1	0.75	600	8481.817906	1.418	1	0.00776301439865213
"58"	2	4	1	50	0.1	0.5	100	18003.377019	0.19	1	0.00744299589703313
"59"	2	4	1	50	0.1	0.75	300	9945.047102	0.666	1	0.00743488759856686
"60"	2	4	1	50	0.1	0.75	400	9131.029479	0.905	1	0.00739533368127572
"61"	2	4	1	50	0.1	0.5	200	12413.087437	0.361	1	0.00635128705559226
"62"	2	4	1	50	0.1	0.5	900	8437.255098	1.661	1	0.00627843124950509
"63"	2	4	1	50	0.1	0.5	1000	8356.890522	1.833	1	0.00617767457843156
"64"	2	4	1	50	0.1	0.5	200	12854.483839	0.359	1	0.00613761962024851
"65"	2	4	1	50	0.1	0.5	300	10613.609372	0.544	1	0.00606441277158916
"66"	2	4	1	50	0.1	0.5	300	10030.217732	0.592	1	0.00560298956926611
"67"	2	4	1	50	0.1	0.75	200	12119.834687	0.441	1	0.0052564165196392
"68"	2	4	1	50	0.1	0.5	50	24876.64624	0.095	1	0.00523689863646908
"69"	2	4	1	50	0.1	0.5	1000	8287.706569	1.841	1	0.00520425983319506
"70"	2	4	1	50	0.1	0.5	900	8414.025032	1.679	1	0.00510374917029114
"71"	2	4	1	50	0.1	0.5	100	18083.079424	0.184	1	0.00494939894759799
"72"	2	4	1	50	0.1	0.5	200	12142.051814	0.375	1	0.00493824241521456
"73"	2	4	1	50	0.1	0.5	200	12255.075738	0.366	1	0.00406587472696962
"74"	2	4	1	50	0.1	0.75	600	8526.558031	1.347	1	0.00399781272572866
"75"	2	4	1	50	0.1	0.75	300	10023.188489	0.661	1	0.00356561279724683
"76"	2	4	1	50	0.1	0.75	400	9135.832002	0.893	1	0.00354643745905551
"77"	2	4	1	50	0.1	0.5	200	12301.59908	0.364	1	0.00348368485955888
"78"	2	4	1	50	0.1	0.5	200	12412.72701	0.362	1	0.00306950487775906
"79"	2	4	1	50	0.1	0.5	200	12285.940582	0.365	1	0.00129361901448857
"80"	2	1	1	400	0.1	1	900	8155.973572	58.797	2	Inf
"81"	2	4	1	50	0.1	0.1	50	34843.233519	0.053	2	Inf
"82"	2	4	1	100	0.1	1	900	8164.273476	5.672	2	0.96773304090273
"83"	2	4	1	50	0.1	0.25	50	27786.120142	0.071	2	0.0864751003651829
"84"	2	4	1	50	0.1	0.25	50	29471.099888	0.069	2	0.0849738837372763
"85"	2	4	1	50	0.1	0.1	50	33248.256107	0.054	2	0.0827837110327613
"86"	2	3	1	50	0.1	0.75	900	8300.279842	2.178	2	0.0825242177275709
"87"	2	4	1	50	0.1	0.25	100	23239.944995	0.135	2	0.081443523750222
"88"	2	4	1	50	0.1	0.25	100	22058.759993	0.138	2	0.0734823596343489
"89"	2	4	1	50	0.1	0.5	50	26289.018869	0.088	2	0.0727669623453225
"90"	2	4	1	50	0.1	0.5	150	15924.65419	0.267	2	0.0721254017288829
"91"	2	4	1	50	0.1	0.25	100	20528.95869	0.14	2	0.0712285574708719
"92"	2	4	1	50	0.1	0.5	200	12769.205002	0.404	2	0.0710112151807727
"93"	2	4	1	50	0.1	0.1	50	31789.951831	0.06	2	0.0631973793303171
"94"	2	4	1	50	0.1	0.25	50	30922.183898	0.067	2	0.0629338057846059
"95"	2	4	1	50	0.1	0.5	300	10785.40287	0.538	2	0.0624186571639186
"96"	2	4	1	50	0.1	0.25	150	17079.503585	0.213	2	0.0614229811984528
"97"	2	4	1	50	0.1	0.5	150	14451.961827	0.271	2	0.0572129959562972
"98"	2	3	1	50	0.1	0.75	50	25051.851886	0.114	2	0.0514056587944128
"99"	2	4	1	50	0.1	0.5	100	18141.803221	0.185	2	0.0510324739505374
"100"	2	4	1	50	0.1	0.5	100	19452.397483	0.177	2	0.0436007553671797
