""	""	""	""	""	""	""	""	""	"rnkIndex"	""
"1"	2	4	1	50	0.1	0.1	50	15600.441357	0.042	1	Inf
"2"	2	4	1	50	0.1	0.5	600	7544.365902	0.855	1	Inf
"3"	2	4	1	50	0.1	0.1	50	13227.888396	0.046	1	0.127789584676626
"4"	2	4	1	50	0.1	0.1	50	14402.388125	0.045	1	0.121469103446435
"5"	2	4	1	50	0.1	0.5	50	10457.817868	0.067	1	0.0977374671089015
"6"	2	4	1	50	0.1	0.1	50	14801.442398	0.043	1	0.0926130314535036
"7"	2	4	1	50	0.25	0.5	300	7619.153101	0.481	1	0.0895069986281717
"8"	2	4	1	50	0.1	0.5	600	7598.442341	0.85	1	0.0738586198837967
"9"	2	4	1	50	0.1	0.5	50	11152.389585	0.066	1	0.0667397241874057
"10"	2	4	1	50	0.1	0.25	50	12145.861172	0.053	1	0.0597554983768415
"11"	2	4	1	50	0.1	0.25	50	12753.695994	0.051	1	0.0551928713716292
"12"	2	4	1	50	0.1	0.5	50	9913.721086	0.08	1	0.0539253172067195
"13"	2	4	1	50	0.1	0.25	50	12523.889006	0.052	1	0.047074457191362
"14"	2	4	1	50	0.1	0.5	100	8954.679182	0.134	1	0.0440015966584861
"15"	2	4	1	50	0.1	0.9	200	7651.723673	0.381	1	0.0416203250469481
"16"	2	4	1	50	0.1	0.75	100	8156.34972	0.172	1	0.041249603293663
"17"	2	4	1	50	0.1	0.5	50	11321.554564	0.065	1	0.0376458334628509
"18"	2	4	1	50	0.1	0.25	50	11751.037243	0.054	1	0.0371957140566996
"19"	2	4	1	50	0.1	0.5	100	9255.061657	0.133	1	0.036417458567957
"20"	2	4	1	50	0.1	0.75	100	8492.660678	0.168	1	0.0359948228811816
"21"	2	4	1	50	0.1	0.25	200	7845.474207	0.226	1	0.0312258916912388
"22"	2	4	1	50	0.1	0.25	100	9414.356269	0.128	1	0.030229281225143
"23"	2	4	1	50	0.1	0.5	50	11637.530803	0.064	1	0.0283350918060236
"24"	2	4	1	50	0.1	0.5	200	7762.617631	0.313	1	0.0249118592183929
"25"	2	4	1	50	0.1	0.5	100	8696.693047	0.139	1	0.0239842890245281
"26"	2	3	1	50	0.1	0.5	200	7767.35142	0.293	1	0.0222113799642714
"27"	2	4	1	50	0.1	0.25	100	9598.664841	0.112	1	0.0218260993114287
"28"	2	4	1	50	0.1	0.5	150	8053.048445	0.209	1	0.018369750341433
"29"	2	4	1	50	0.1	0.25	100	9850.88816	0.107	1	0.0156086894250908
"30"	2	3	1	50	0.1	0.5	150	8007.80038	0.223	1	0.0153543449343515
"31"	2	3	1	50	0.1	0.5	100	8584.458668	0.155	1	0.012704014102262
"32"	2	4	1	50	0.1	0.25	50	11673.686878	0.058	1	0.0105437805108403
"33"	2	4	1	50	0.1	0.25	100	9658.089235	0.111	1	0.0104253985980287
"34"	2	4	1	50	0.1	0.25	100	9776.962994	0.108	1	0.00986776378210471
"35"	2	4	1	50	0.1	0.25	100	9727.219791	0.109	1	0.00968142903313727
"36"	2	4	1	50	0.1	0.5	100	8608.209562	0.147	1	0.00829045163000471
"37"	2	4	1	50	0.1	0.5	100	8661.533225	0.142	1	0.00825661148532295
"38"	2	4	1	50	0.1	0.5	150	8014.470401	0.213	1	0.00602680041349348
"39"	2	4	1	50	0.1	0.1	50	15067.085092	0.043	2	Inf
"40"	2	4	1	50	0.1	0.5	600	7544.365902	0.891	2	Inf
"41"	2	4	1	50	0.1	0.25	50	13930.348364	0.05	2	0.108797310324888
"42"	2	4	1	50	0.1	0.25	50	12965.304668	0.051	2	0.0859649024836716
"43"	2	3	1	50	0.1	0.5	400	7619.153101	0.591	2	0.0678285964336176
"44"	2	4	1	50	0.1	0.5	50	10567.224976	0.069	2	0.0593097726780536
"45"	2	4	1	50	0.1	0.25	50	12290.825813	0.053	2	0.0586322341117961
"46"	2	4	1	50	0.1	0.5	50	11253.424875	0.068	2	0.054941003507968
"47"	2	4	1	50	0.1	0.25	50	12816.436618	0.052	2	0.0521958448629434
"48"	2	4	1	50	0.1	0.5	50	11821.804317	0.064	2	0.0505023812938779
"49"	2	4	1	50	0.1	0.9	50	10341.508252	0.092	2	0.0465303185657802
"50"	2	4	1	50	0.1	0.1	50	14373.962073	0.048	2	0.0449257025634072
"51"	2	4	1	50	0.1	0.1	50	14869.497735	0.045	2	0.0437038100938853
"52"	2	4	1	50	0.1	0.25	100	9968.564283	0.107	2	0.0433249343056635
"53"	2	4	1	50	0.1	0.5	50	11330.693499	0.066	2	0.0423801168531305
"54"	2	4	1	50	0.1	0.1	50	14505.481973	0.046	2	0.0386267305033911
"55"	2	4	1	50	0.25	0.5	200	7849.072782	0.324	2	0.0357796562562771
"56"	2	4	1	50	0.1	0.5	200	7902.364895	0.283	2	0.0351832133832095
"57"	2	4	1	50	0.1	0.5	150	8433.946642	0.204	2	0.0322779848811891
"58"	2	4	1	50	0.1	0.9	200	7733.000462	0.408	2	0.0310968046118898
"59"	2	4	1	50	0.25	0.5	300	7658.95832	0.472	2	0.0277502594125883
"60"	2	4	1	50	0.1	0.5	150	8048.593487	0.215	2	0.0276011853157693
"61"	2	4	1	50	0.1	0.5	150	8159.938961	0.205	2	0.0261008692030511
"62"	2	4	1	50	0.1	0.25	50	12062.941479	0.056	2	0.0256483258820961
"63"	2	3	1	150	0.25	0.5	100	7649.698525	0.563	2	0.0247307345076754
"64"	2	4	1	50	0.1	0.5	100	9093.986119	0.136	2	0.0237339307126105
"65"	2	4	1	50	0.1	0.5	100	8981.648419	0.137	2	0.0237222104357549
"66"	2	4	1	50	0.1	0.5	50	10491.113004	0.072	2	0.0215343040150943
"67"	2	4	1	50	0.1	0.5	100	9285.755635	0.135	2	0.020083732081474
"68"	2	3	1	50	0.1	0.25	50	11971.28622	0.059	2	0.0199875740969245
"69"	2	3	1	50	0.1	0.5	300	7731.166334	0.445	2	0.0173453456192276
"70"	2	4	1	50	0.1	0.5	100	8794.771132	0.14	2	0.0165777636696578
"71"	2	4	1	50	0.1	0.25	100	9818.013401	0.109	2	0.0163688572940653
"72"	2	4	1	50	0.1	0.25	100	9767.407498	0.112	2	0.0157909177583662
"73"	2	4	1	50	0.1	0.25	100	9473.360324	0.131	2	0.0148539391132822
"74"	2	4	1	50	0.1	0.75	100	8520.722263	0.18	2	0.0148126594250751
"75"	2	2	1	50	0.1	0.25	100	9600.042053	0.119	2	0.0147011606845187
"76"	2	4	1	50	0.1	0.5	100	8684.185633	0.145	2	0.01429358235615
"77"	2	4	1	50	0.1	0.25	100	9622.00742	0.113	2	0.014136329780123
"78"	2	4	1	50	0.1	0.5	100	9350.593717	0.134	2	0.0122118584300271
"79"	2	4	1	50	0.1	0.5	100	9439.92744	0.133	2	0.00998058235350336
"80"	2	4	1	50	0.1	0.5	100	8619.09858	0.164	2	0.00985376639251141
"81"	2	4	1	50	0.1	0.25	150	8541.387229	0.168	2	0.00908195432447353
"82"	2	4	1	50	0.1	0.5	100	8752.962477	0.142	2	0.00773826030285765
"83"	2	4	1	50	0.1	0.25	150	8605.726697	0.166	2	0.00670034156685222
"84"	2	4	1	50	0.1	0.5	150	8115.627726	0.213	2	0.00639764729009595
"85"	2	4	1	50	0.1	0.5	50	11277.426267	0.067	2	0.00630208698689158
"86"	2	4	1	50	0.1	0.5	150	8098.015822	0.214	2	0.00551560617524533
"87"	2	4	1	50	0.1	0.5	100	8775.403302	0.141	2	0.00357709811847703
"88"	2	4	1	50	0.1	0.1	50	15219.957119	0.043	3	Inf
"89"	2	4	1	50	0.1	0.5	600	7544.365902	0.894	3	Inf
"90"	2	4	1	50	0.1	0.25	50	14023.564153	0.05	3	0.184258633205016
"91"	2	4	1	50	0.1	0.25	50	12845.919136	0.053	3	0.153785678585566
"92"	2	4	1	50	0.1	0.25	100	10186.923374	0.108	3	0.126420933552428
"93"	2	4	1	50	0.25	0.5	300	7789.874824	0.479	3	0.125916682385274
"94"	2	4	1	50	0.1	0.5	50	11457.63876	0.072	3	0.121910952949717
"95"	2	4	1	50	0.1	0.5	600	7776.214143	0.854	3	0.0944448197048758
"96"	2	4	1	50	0.1	0.25	50	12046.067249	0.06	3	0.0924410321778684
"97"	2	4	1	50	0.1	0.5	200	8071.044528	0.287	3	0.0907073288798385
"98"	2	4	1	50	0.1	0.5	150	8344.59664	0.215	3	0.062687341291298
"99"	2	4	1	50	0.1	0.5	150	8704.308739	0.21	3	0.0595858220787268
"100"	2	4	1	50	0.1	0.5	100	8942.24085	0.14	3	0.057778855683694
