""	""	""	""	""	""	""	""	""	"rnkIndex"	""
"1"	2	4	1	50	0.1	0.1	50	241625.771783	0.082	1	Inf
"2"	2	3	1	700	0.1	0.5	900	30456.352164	164.806	1	Inf
"3"	2	4	1	300	0.1	0.9	900	30750.420352	53.563	1	0.441446527549201
"4"	2	4	1	200	0.1	0.75	900	31036.030993	22.804	1	0.122962056670556
"5"	2	4	1	300	0.1	0.9	900	31032.778457	53.082	1	0.122099949043662
"6"	2	4	1	50	0.1	0.25	100	180017.132042	0.203	1	0.0813079007289669
"7"	2	3	1	50	0.1	0.9	50	196562.262538	0.199	1	0.0763112846061767
"8"	2	4	1	50	0.1	0.5	100	152972.163089	0.268	1	0.0690103711670829
"9"	2	3	1	50	0.1	0.25	100	166807.848179	0.252	1	0.0632575788376912
"10"	2	4	1	50	0.1	0.25	50	226683.826266	0.1	1	0.0553366023801433
"11"	2	4	1	50	0.1	0.5	300	91113.044535	0.814	1	0.045379303412447
"12"	2	4	1	50	0.1	0.5	50	197123.747415	0.138	1	0.039904163662442
"13"	2	4	1	50	0.1	0.1	50	233650.116334	0.095	1	0.0396163121538526
"14"	2	4	1	50	0.1	0.25	50	221209.027584	0.101	1	0.0383034000417793
"15"	2	4	1	50	0.1	0.5	50	205480.134663	0.134	1	0.0380760057490948
"16"	2	4	1	50	0.1	0.5	150	132928.279781	0.404	1	0.0369068393824983
"17"	2	3	1	50	0.1	0.25	150	140167.516008	0.383	1	0.0365031455263579
"18"	2	4	1	50	0.1	0.1	50	235580.248635	0.084	1	0.0355108011179587
"19"	2	4	1	100	0.1	0.75	1000	32805.285414	9.574	1	0.0343647348293943
"20"	2	3	1	50	0.1	0.25	300	96842.380036	0.748	1	0.0332907035554005
"21"	2	4	1	50	0.1	0.5	200	110774.129184	0.542	1	0.0331253864304667
"22"	2	4	1	200	0.1	0.5	900	32390.331497	16.734	1	0.0310173243182848
"23"	2	4	1	50	0.1	0.25	50	218072.103354	0.104	1	0.0284169932909652
"24"	2	4	1	50	0.1	0.5	300	86695.682084	0.816	1	0.0283474126242819
"25"	2	4	1	50	0.1	0.5	200	105682.107771	0.552	1	0.0276847552384456
"26"	2	2	1	50	0.1	0.5	150	116751.815664	0.519	1	0.0271725036757915
"27"	2	3	1	50	0.1	0.25	50	210025.229943	0.124	1	0.0263885260806133
"28"	2	4	1	200	0.1	0.75	900	32100.338986	22.271	1	0.0241488155414723
"29"	2	4	1	50	0.1	0.25	100	174143.661717	0.21	1	0.0240220734617744
"30"	2	4	1	50	0.1	0.5	200	103108.767736	0.558	1	0.0237352554729611
"31"	2	4	1	50	0.1	0.25	100	171219.788167	0.214	1	0.0233142657076984
"32"	2	4	1	50	0.1	0.5	150	125240.642539	0.413	1	0.0232392301665628
"33"	2	4	1	200	0.1	0.5	900	32276.129078	16.871	1	0.0230402208775306
"34"	2	4	1	50	0.1	0.5	200	109329.478757	0.551	1	0.022678390443815
"35"	2	4	1	50	0.1	0.25	150	144701.106263	0.318	1	0.0222071334888607
"36"	2	4	1	50	0.1	0.5	150	122073.467906	0.418	1	0.0211299205338699
"37"	2	4	1	50	0.1	0.25	500	74620.563861	1.076	1	0.0210634885809171
"38"	2	4	1	50	0.1	0.5	150	128406.794565	0.409	1	0.0204374886106543
"39"	2	3	1	50	0.1	0.25	50	205678.139578	0.127	1	0.0202467589628446
"40"	2	4	1	50	0.1	0.25	50	211599.348827	0.111	1	0.0201734782647349
"41"	2	4	1	50	0.1	0.5	150	131886.697134	0.406	1	0.020122147283104
"42"	2	4	1	50	0.1	0.5	300	84740.636972	0.818	1	0.020006216570354
"43"	2	4	1	50	0.1	0.25	100	167158.623743	0.221	1	0.0197647430337246
"44"	2	4	1	50	0.1	0.25	150	147161.343683	0.316	1	0.0193839548498131
"45"	2	4	1	100	0.1	0.5	900	38201.177315	5.956	1	0.0186781564261604
"46"	2	4	1	50	0.1	0.25	150	149056.55615	0.313	1	0.0185893224129864
"47"	2	4	1	50	0.1	0.25	100	177794.980178	0.209	1	0.0184083233191032
"48"	2	4	1	50	0.1	0.75	1000	38411.663014	3.45	1	0.0181710631986511
"49"	2	4	1	50	0.1	0.5	400	71930.454758	1.085	1	0.0180498714224786
"50"	2	4	1	50	0.1	0.25	150	151338.947228	0.312	1	0.0175855462059464
"51"	2	4	1	50	0.1	0.5	600	56359.242001	1.644	1	0.0170932103532258
"52"	2	4	1	100	0.1	0.5	900	34943.325604	6.073	1	0.0170434862560549
"53"	2	3	1	50	0.1	0.25	200	118802.139899	0.495	1	0.0165223872465682
"54"	2	4	1	50	0.1	0.5	600	57449.017592	1.643	1	0.0165133121084364
"55"	2	4	1	50	0.1	0.75	300	76642.462508	1.056	1	0.0161789821227112
"56"	2	4	1	50	0.1	0.25	150	142170.016744	0.32	1	0.0161766282018952
"57"	2	4	1	50	0.1	0.5	500	59856.085773	1.398	1	0.0158395169123899
"58"	2	4	1	100	0.1	0.75	900	34141.045814	7.71	1	0.0157618204301028
"59"	2	4	1	50	0.1	0.25	50	214820.969835	0.105	1	0.0156814556345722
"60"	2	4	1	50	0.1	0.5	900	44788.273055	2.492	1	0.0153073988833868
"61"	2	4	1	50	0.1	0.25	300	98450.634127	0.644	1	0.0152826002554328
"62"	2	3	1	50	0.1	0.5	300	80879.399359	0.934	1	0.0151409012234146
"63"	2	4	1	100	0.1	0.5	900	36428.269368	5.96	1	0.0149440055316315
"64"	2	4	1	50	0.1	0.5	150	120494.254591	0.42	1	0.0148467896827496
"65"	2	4	1	50	0.1	0.5	400	67186.537436	1.107	1	0.0143708813499918
"66"	2	4	1	50	0.1	0.25	50	214549.425042	0.109	1	0.0143468843056592
"67"	2	4	1	50	0.1	0.5	150	127295.168438	0.412	1	0.0140924128548621
"68"	2	4	1	50	0.1	0.5	600	51179.206535	1.705	1	0.0137677411047176
"69"	2	4	1	50	0.1	0.25	300	100415.107174	0.633	1	0.0133241095180974
"70"	2	4	1	50	0.1	0.5	900	42542.282914	2.504	1	0.0131162210771302
"71"	2	4	1	50	0.1	0.5	500	60772.221464	1.372	1	0.0130726455460844
"72"	2	4	1	50	0.1	0.25	100	172395.434268	0.213	1	0.0130152436836404
"73"	2	4	1	50	0.1	0.5	600	53617.640887	1.658	1	0.0129478901053148
"74"	2	4	1	50	0.1	0.75	1000	40051.960136	3.425	1	0.0129211500002466
"75"	2	3	1	50	0.1	0.5	400	64742.558209	1.268	1	0.0123913355312561
"76"	2	3	1	50	0.1	0.5	300	78904.354353	0.975	1	0.0122055928990156
"77"	2	4	1	50	0.1	0.75	900	40985.690155	3.074	1	0.0116064980348958
"78"	2	3	1	50	0.1	0.5	400	65586.296372	1.25	1	0.0114983761520885
"79"	2	4	1	50	0.1	0.5	800	47061.03659	2.225	1	0.0114381010603983
"80"	2	4	1	50	0.1	0.5	300	82202.039286	0.823	1	0.0114239296040078
"81"	2	4	1	50	0.1	0.5	700	48898.84773	1.958	1	0.0113473410279045
"82"	2	4	1	50	0.1	0.5	800	45782.027799	2.274	1	0.0111535500786934
"83"	2	4	1	50	0.1	0.5	700	50599.4856	1.926	1	0.0111323226267131
"84"	2	4	1	50	0.1	0.5	600	53479.675055	1.681	1	0.0110258991435508
"85"	2	4	1	50	0.1	0.5	400	68689.617033	1.104	1	0.0110129142651885
"86"	2	4	1	50	0.1	0.75	300	78218.037224	1.029	1	0.0103745535349854
"87"	2	4	1	50	0.1	0.5	400	70581.965541	1.1	1	0.0101649461533745
"88"	2	4	1	50	0.1	0.25	100	178281.438235	0.207	1	0.00990324834063786
"89"	2	4	1	50	0.1	0.5	500	62770.781342	1.369	1	0.00949127376696205
"90"	2	4	1	50	0.1	0.5	800	48301.688989	2.214	1	0.00921975340563254
"91"	2	3	1	50	0.1	0.5	150	116851.350047	0.503	1	0.00921001249790329
"92"	2	4	1	50	0.1	0.5	500	62902.594956	1.367	1	0.00916326916460047
"93"	2	4	1	50	0.1	0.75	900	42351.499158	3.073	1	0.00915972798990292
"94"	2	3	1	50	0.1	0.25	150	141113.88146	0.376	1	0.00915059252930172
"95"	2	4	1	100	0.1	0.75	1000	33590.255429	8.554	1	0.00886778015135531
"96"	2	4	1	50	0.1	0.25	300	100181.690305	0.637	1	0.00877725073876528
"97"	2	4	1	50	0.1	0.5	400	69660.044105	1.103	1	0.00842908731956611
"98"	2	4	1	100	0.1	0.75	1000	32923.137103	8.589	1	0.00749682459300883
"99"	2	4	1	50	0.1	0.5	300	82179.985462	0.828	1	0.0063164916815965
"100"	2	4	1	200	0.1	0.75	900	31782.663658	22.629	1	0.00467117200804471
