""	""	""	""	""	""	""	""	""	"rnkIndex"	""
"1"	2	4	1	50	0.1	0.1	50	175018.946476	0.068	1	Inf
"2"	2	4	1	1000	0.25	0.9	700	27140.37956	327.323	1	Inf
"3"	2	4	1	200	0.1	0.75	800	27144.553584	15.845	1	0.969974757938933
"4"	2	4	1	50	0.1	0.5	300	52115.022906	0.669	1	0.0662935137513678
"5"	2	4	1	50	0.1	0.25	300	60994.482443	0.528	1	0.0641142706560329
"6"	2	4	1	50	0.1	0.1	50	172363.239522	0.069	1	0.0602734099253207
"7"	2	4	1	50	0.1	0.5	150	79792.036059	0.333	1	0.0594916706758107
"8"	2	3	1	50	0.1	0.75	100	88809.329672	0.305	1	0.0578281185757631
"9"	2	4	1	50	0.1	0.5	100	102672.701305	0.222	1	0.0561899771306401
"10"	2	4	1	50	0.1	0.1	50	165473.174417	0.07	1	0.0547346936340707
"11"	2	4	1	50	0.1	0.25	100	124999.983557	0.168	1	0.0496762480345053
"12"	2	4	1	50	0.1	0.25	100	118875.578812	0.169	1	0.0479133219321011
"13"	2	4	1	50	0.1	0.5	50	135752.671809	0.112	1	0.0448406311018396
"14"	2	4	1	50	0.1	0.5	50	133413.391021	0.116	1	0.0438834761000467
"15"	2	3	1	50	0.1	0.5	50	128808.234764	0.125	1	0.0422702839757002
"16"	2	4	1	50	0.1	0.5	50	140512.820379	0.11	1	0.0411883684535774
"17"	2	4	1	50	0.1	0.25	150	94584.25991	0.264	1	0.0386010759943159
"18"	2	4	1	50	0.1	0.5	100	96948.348591	0.223	1	0.0370963109204492
"19"	2	4	1	50	0.1	0.25	150	88919.037183	0.266	1	0.0365853469059606
"20"	2	3	1	50	0.1	0.1	50	158784.005014	0.081	1	0.0336362848104168
"21"	2	4	1	50	0.1	0.25	50	156511.022127	0.082	1	0.0323550891497943
"22"	2	4	1	50	0.1	0.25	50	146152.813834	0.087	1	0.0322902625652483
"23"	2	4	1	200	0.1	0.5	700	27192.694555	10.002	1	0.0317643722454558
"24"	2	4	1	50	0.1	0.25	100	114168.282011	0.171	1	0.0315743509702465
"25"	2	4	1	50	0.1	0.5	500	37531.085569	1.136	1	0.0315353635012664
"26"	2	3	1	50	0.1	0.25	100	105837.179436	0.2	1	0.0314218589860193
"27"	2	4	1	50	0.1	0.1	50	161833.852644	0.072	1	0.0310345668100723
"28"	2	4	1	50	0.1	0.75	400	41194.337952	1.116	1	0.0300544483097701
"29"	2	4	1	50	0.1	0.25	100	117411.932942	0.17	1	0.029725662632067
"30"	2	4	1	50	0.1	0.25	50	150187.188151	0.086	1	0.0294061508302589
"31"	2	4	1	50	0.1	0.25	100	108823.143549	0.177	1	0.0255654237774182
"32"	2	4	1	50	0.1	0.75	150	73113.631175	0.426	1	0.0253468822799727
"33"	2	4	1	50	0.1	0.25	50	153660.231835	0.083	1	0.0243527385352327
"34"	2	4	1	50	0.1	0.25	100	126742.860306	0.167	1	0.0241748165668785
"35"	2	4	1	50	0.1	0.75	300	48076.477434	0.838	1	0.0241586841725929
"36"	2	4	1	50	0.1	0.1	50	163694.747921	0.071	1	0.0229829948428894
"37"	2	4	1	50	0.1	0.25	200	75983.237023	0.367	1	0.0229381730340112
"38"	2	4	1	50	0.1	0.75	300	46727.839393	0.84	1	0.0229234775230422
"39"	2	4	1	50	0.1	0.25	50	145073.682892	0.088	1	0.0217839612249289
"40"	2	4	1	50	0.1	0.5	200	67507.835895	0.451	1	0.0209745064776681
"41"	2	4	1	50	0.1	0.25	100	111676.685907	0.176	1	0.019196651904928
"42"	2	3	1	50	0.1	0.25	100	107638.495676	0.199	1	0.0189221868413856
"43"	2	4	1	50	0.1	0.5	200	70161.99402	0.45	1	0.018357274248762
"44"	2	4	1	50	0.1	0.25	50	152654.745863	0.084	1	0.01800420797303
"45"	2	4	1	100	0.1	0.75	800	27458.207936	6.098	1	0.0179970999018027
"46"	2	4	1	50	0.1	0.25	50	142704.37568	0.091	1	0.0177332373455198
"47"	2	4	1	50	0.1	0.5	400	44476.106486	0.901	1	0.0171160743217868
"48"	2	4	1	50	0.1	0.5	150	78649.502795	0.343	1	0.0170348004897846
"49"	2	4	1	50	0.1	0.25	200	76710.037787	0.35	1	0.0169068248564283
"50"	2	4	1	50	0.1	0.75	300	50549.991293	0.831	1	0.0162116745182704
"51"	2	3	1	50	0.1	0.5	200	62183.967559	0.491	1	0.0161872564758154
"52"	2	4	1	50	0.1	0.25	50	150809.502977	0.085	1	0.0155850542698624
"53"	2	4	1	50	0.1	0.5	200	65523.523589	0.455	1	0.014737225646318
"54"	2	4	1	50	0.1	0.5	700	33898.34828	1.645	1	0.0146109862859229
"55"	2	4	1	50	0.1	0.25	100	112412.789327	0.174	1	0.0145682513875653
"56"	2	4	1	50	0.1	0.5	200	63528.867461	0.467	1	0.0145575678380283
"57"	2	4	1	50	0.1	0.25	50	142268.777212	0.096	1	0.0138944583809514
"58"	2	4	1	100	0.1	0.5	800	28575.948741	4.195	1	0.0129218344781248
"59"	2	4	1	50	0.1	0.5	200	66840.797874	0.452	1	0.0125401924702422
"60"	2	4	1	50	0.1	0.75	400	42275.939	1.104	1	0.0119566815725145
"61"	2	3	1	50	0.1	0.5	100	95026.791838	0.253	1	0.0119165511492943
"62"	2	4	1	50	0.1	0.5	400	42988.460153	0.91	1	0.0117977402281277
"63"	2	3	1	50	0.1	0.5	100	96464.469337	0.249	1	0.0112709191885009
"64"	2	4	1	50	0.1	0.5	800	32670.187856	1.819	1	0.0111591042565917
"65"	2	4	1	50	0.1	0.5	200	72005.797566	0.444	1	0.0111405822676405
"66"	2	4	1	50	0.1	0.5	300	50566.330298	0.677	1	0.0103758648198574
"67"	2	4	1	50	0.1	0.5	600	36319.948952	1.365	1	0.0102015627605438
"68"	2	4	1	50	0.1	0.5	400	44048.274372	0.905	1	0.00941976699047057
"69"	2	4	1	50	0.1	0.5	200	71358.263895	0.445	1	0.00856657846250715
"70"	2	3	1	100	0.1	0.5	700	29720.191313	4.111	1	0.00851807413215159
"71"	2	4	1	50	0.1	0.5	700	34897.794837	1.64	1	0.00775536231369978
"72"	2	4	1	50	0.1	0.5	150	79403.349657	0.34	1	0.00724394894299923
"73"	2	4	1	100	0.1	0.75	800	28284.783259	5.374	1	0.00664785291958429
"74"	2	4	1	50	0.1	0.5	200	64508.49622	0.456	1	0.00663674841185581
"75"	2	3	1	50	0.1	0.75	900	30239.223999	2.72	1	0.00624808570629069
"76"	2	4	1	100	0.1	0.75	800	27842.0453	5.454	1	0.00622404865323927
"77"	2	4	1	50	0.1	0.5	200	64475.713174	0.462	1	0.00621850593537847
"78"	2	4	1	50	0.1	0.5	200	70650.38427	0.447	1	0.00597076411520588
"79"	2	4	1	50	0.1	0.75	800	31509.026913	2.217	1	0.00580164086649332
"80"	2	3	1	50	0.1	0.75	700	32095.666273	2.142	1	0.00567376531541293
"81"	2	4	1	100	0.1	0.5	700	30149.529992	3.688	1	0.00498592664708499
"82"	2	4	1	50	0.1	0.75	900	30582.570849	2.538	1	0.00469153285017293
"83"	2	4	1	50	0.1	0.25	100	111862.744287	0.175	1	0.00465350551917226
"84"	2	4	1	50	0.1	0.5	900	32337.518238	2.072	1	0.00461424392880589
"85"	2	3	1	50	0.1	0.75	800	30883.099114	2.515	1	0.00384582721267979
"86"	2	4	1	50	0.1	0.5	600	36037.221527	1.388	1	0.00354592101153246
"87"	2	4	1	50	0.1	0.5	700	35324.449254	1.597	1	0.00349133748358424
"88"	2	4	1	50	0.1	0.5	700	35656.003654	1.596	1	0.00344810056523928
"89"	2	4	1	50	0.1	0.5	100	96801.835263	0.232	1	0.00313442379345568
"90"	2	4	1	50	0.1	0.5	200	70414.003126	0.448	1	0.00309262241347218
"91"	2	4	1	50	0.1	0.5	700	35862.367929	1.58	1	0.00304241168380271
"92"	2	4	1	100	0.1	0.75	800	28122.180298	5.433	1	0.00303968687846697
"93"	2	4	1	50	0.1	0.75	800	31064.906309	2.276	1	0.00299369431090777
"94"	2	4	1	50	0.1	0.75	800	31237.724715	2.268	1	0.00298424607477005
"95"	2	4	1	100	0.1	0.5	700	29965.441458	3.786	1	0.00296599265731295
"96"	2	4	1	50	0.1	0.5	700	35120.916607	1.633	1	0.00282508164412574
"97"	2	4	1	100	0.1	0.5	700	29727.660454	3.787	1	0.0025414978502336
"98"	2	4	1	1000	0.25	0.9	300	27802.355378	148.599	2	Inf
"99"	2	4	1	50	0.1	0.1	50	168826.541858	0.072	2	Inf
"100"	2	3	1	200	0.1	0.75	800	27832.094927	16.43	2	0.428406127690773
