""	""	""	""	""	""	""	""	""	"rnkIndex"	""
"1"	2	4	1	300	0.1	0.75	900	16120.417125	45.291	1	Inf
"2"	2	4	1	50	0.1	0.1	50	149770.066336	0.078	1	Inf
"3"	2	4	1	300	0.1	0.75	900	16185.24918	44.963	1	0.513236423141196
"4"	2	4	1	200	0.1	0.75	900	16297.654182	22.146	1	0.511280490276408
"5"	2	3	1	150	0.1	0.75	900	16506.816695	15.032	1	0.17273295799689
"6"	2	4	1	200	0.1	0.75	900	16411.456545	21.923	1	0.158909132764699
"7"	2	4	3	50	0.1	0.1	50	139352.341426	0.079	1	0.154383068648115
"8"	2	4	1	150	0.1	0.75	800	16705.26888	12.455	1	0.111875289987851
"9"	2	4	1	100	0.1	0.75	900	16870.778116	7.59	1	0.111385002995757
"10"	2	4	3	50	0.1	0.1	50	129142.735368	0.08	1	0.105185209059129
"11"	2	4	1	50	0.1	0.25	100	91034.377623	0.202	1	0.0919726173834901
"12"	2	3	1	50	0.1	0.75	100	63200.657841	0.362	1	0.0900901723062314
"13"	2	4	1	50	0.1	0.25	100	81084.000889	0.206	1	0.0873227014327351
"14"	2	4	1	50	0.1	0.5	150	55621.459846	0.401	1	0.0763900625194128
"15"	2	4	1	50	0.1	0.25	50	118376.664648	0.097	1	0.0684706824804738
"16"	2	4	3	50	0.1	0.25	50	112725.668039	0.099	1	0.0571669432573862
"17"	2	4	1	50	0.1	0.75	1000	18802.194618	3.352	1	0.0499401746235502
"18"	2	4	1	100	0.1	0.5	800	18586.504807	5.235	1	0.0465190372985055
"19"	2	4	3	50	0.1	0.5	50	100512.420318	0.132	1	0.0446092077863194
"20"	2	4	1	50	0.1	0.5	100	76891.509829	0.262	1	0.0406136399570713
"21"	2	4	1	50	0.1	0.75	150	51233.092502	0.511	1	0.03939228653308
"22"	2	3	1	50	0.1	0.25	50	105458.500175	0.124	1	0.0388709163315531
"23"	2	4	1	50	0.1	0.75	100	67478.707743	0.339	1	0.0375946469575382
"24"	2	4	1	150	0.1	0.75	800	16595.227183	12.555	1	0.0364795054966901
"25"	2	4	1	50	0.1	0.5	100	74119.002504	0.264	1	0.0362448678457531
"26"	2	4	1	150	0.1	0.75	900	16568.264519	14.058	1	0.0358391048361953
"27"	2	4	1	50	0.1	0.5	200	48234.819586	0.534	1	0.0356616352097524
"28"	2	4	1	50	0.1	0.5	150	53141.908806	0.413	1	0.0352677872589351
"29"	2	3	1	50	0.1	0.5	100	68041.89719	0.3	1	0.0336683726305647
"30"	2	3	1	50	0.1	0.25	100	79493.793229	0.246	1	0.0326078453029929
"31"	2	3	1	50	0.1	0.5	50	97436.542047	0.152	1	0.0317968638886529
"32"	2	4	3	50	0.1	0.1	50	125300.287134	0.081	1	0.0316946856382677
"33"	2	4	1	50	0.1	0.75	50	94399.515773	0.164	1	0.0315755197108664
"34"	2	3	1	50	0.1	0.5	100	71842.497913	0.293	1	0.0308106067457172
"35"	2	4	1	50	0.1	0.75	200	43766.93957	0.661	1	0.0302447055124918
"36"	2	4	1	50	0.1	0.5	400	32233.77355	1.08	1	0.0297471883853532
"37"	2	4	1	50	0.1	0.5	400	28862.068299	1.081	1	0.0284010469451499
"38"	2	4	3	50	0.1	0.1	50	121853.10273	0.091	1	0.0280898791977637
"39"	2	3	1	50	0.1	0.25	50	107535.760087	0.118	1	0.0280120479822257
"40"	2	4	1	50	0.1	0.75	200	40596.504843	0.67	1	0.0264798950847592
"41"	2	3	1	50	0.1	0.75	50	93311.076929	0.184	1	0.0260192689494985
"42"	2	4	1	50	0.1	0.25	50	110524.202365	0.104	1	0.024411875955515
"43"	2	4	1	100	0.1	0.75	800	17430.394148	6.723	1	0.0220587319423537
"44"	2	4	1	150	0.1	0.75	900	16508.34014	14.146	1	0.0220022446620492
"45"	2	4	1	50	0.1	0.1	50	122098.351144	0.086	1	0.0217815367043643
"46"	2	4	3	50	0.1	0.1	50	124746.461467	0.085	1	0.0211458587889417
"47"	2	4	1	100	0.1	0.75	900	17311.215002	7.563	1	0.0208182617444807
"48"	2	4	1	100	0.1	0.5	800	18227.946497	5.261	1	0.0186704763936739
"49"	2	4	1	100	0.1	0.75	700	17858.846023	5.927	1	0.018306178564709
"50"	2	4	1	100	0.1	0.5	1000	17697.264486	6.606	1	0.0182230631860823
"51"	2	4	1	50	0.1	0.5	600	23686.711202	1.642	1	0.0181449010611418
"52"	2	4	1	50	0.1	0.5	200	46555.60748	0.541	1	0.018103038308377
"53"	2	4	1	50	0.1	0.5	100	72068.087959	0.269	1	0.0176747834248
"54"	2	3	1	50	0.1	0.5	300	34047.236958	0.928	1	0.0175265297637755
"55"	2	4	1	100	0.1	0.75	700	17947.570481	5.863	1	0.0174919784694167
"56"	2	4	1	50	0.1	0.25	50	110754.058738	0.103	1	0.0165825027557443
"57"	2	4	1	50	0.1	0.5	300	36902.463319	0.813	1	0.0165800807556041
"58"	2	4	1	50	0.1	0.5	700	22645.539115	1.9	1	0.0161578104895816
"59"	2	4	1	50	0.1	0.5	50	98575.255466	0.139	1	0.0160323740583168
"60"	2	4	1	50	0.1	0.5	300	38495.23091	0.811	1	0.0150939804425588
"61"	2	4	1	50	0.1	0.5	300	35660.119026	0.816	1	0.0148482403190148
"62"	2	4	1	50	0.1	0.5	50	99523.099207	0.133	1	0.014649173169119
"63"	2	4	1	50	0.1	0.75	400	27127.263193	1.351	1	0.0146125419937312
"64"	2	3	1	50	0.1	0.5	300	35201.777254	0.909	1	0.0145451494412386
"65"	2	4	1	50	0.1	0.5	600	25015.23367	1.631	1	0.0144156909753334
"66"	2	3	1	50	0.1	0.25	50	106827.697986	0.12	1	0.0139891084966035
"67"	2	4	1	50	0.1	0.5	500	25713.091455	1.369	1	0.0131153103814765
"68"	2	4	1	50	0.1	0.75	300	33116.53474	0.996	1	0.012433518889662
"69"	2	4	1	50	0.1	0.75	400	28367.052644	1.335	1	0.0121677472944579
"70"	2	4	1	50	0.1	0.5	300	37864.217001	0.812	1	0.0119617193264334
"71"	2	4	1	50	0.1	0.5	200	45856.738873	0.548	1	0.0116605554326951
"72"	2	3	1	50	0.1	0.5	200	44517.503106	0.629	1	0.0113625449868891
"73"	2	4	1	50	0.1	0.5	300	39866.74219	0.807	1	0.011070466876191
"74"	2	4	1	50	0.1	0.5	500	25587.238595	1.423	1	0.011016339486151
"75"	2	4	1	50	0.1	0.75	900	19779.869774	3.009	1	0.0107163826092943
"76"	2	4	1	50	0.1	0.5	900	20418.380245	2.451	1	0.0103499229089942
"77"	2	3	1	50	0.1	0.25	50	105680.900646	0.123	1	0.010333149552052
"78"	2	4	1	50	0.1	0.5	600	24284.302652	1.634	1	0.0101836292215907
"79"	2	4	1	50	0.1	0.5	900	20069.965802	2.477	1	0.0100677848385178
"80"	2	4	1	50	0.1	0.75	900	18985.402631	3.112	1	0.00980123472210619
"81"	2	4	1	50	0.1	0.75	400	27574.416552	1.338	1	0.00963029432628116
"82"	2	4	1	50	0.1	0.5	700	22103.982219	2.142	1	0.0096241613167826
"83"	2	4	1	50	0.1	0.5	400	28491.191597	1.098	1	0.00932168383168301
"84"	2	4	1	50	0.1	0.5	800	20796.997264	2.255	1	0.0089262864201848
"85"	2	4	1	50	0.1	0.75	300	32619.025557	1.007	1	0.00846291206961318
"86"	2	4	1	50	0.1	0.5	1000	20030.568485	2.775	1	0.00832100377420491
"87"	2	4	1	50	0.1	0.75	900	19101.17404	3.01	1	0.00822250711325065
"88"	2	4	1	50	0.1	0.5	800	21758.117214	2.193	1	0.00779439786399045
"89"	2	3	1	50	0.1	0.75	200	40493.950923	0.751	1	0.0077703607205401
"90"	2	4	1	50	0.1	0.5	1000	19962.906726	2.817	1	0.00705129288659609
"91"	2	4	1	50	0.1	0.5	800	21221.887704	2.196	1	0.00680428303845761
"92"	2	3	1	50	0.1	0.5	200	45218.878372	0.616	1	0.00677313565515747
"93"	2	4	1	50	0.1	0.5	700	22320.162883	1.948	1	0.00674332868763655
"94"	2	3	1	50	0.1	0.75	200	39889.070911	0.782	1	0.00593151395421928
"95"	2	3	1	50	0.1	0.5	200	45155.475701	0.617	1	0.00553539254660362
"96"	2	4	1	100	0.1	0.5	1000	17542.792357	6.644	1	0.00458454172162813
"97"	2	4	1	50	0.1	0.5	800	20875.331177	2.202	1	0.00448407063704914
"98"	2	4	3	50	0.1	0.1	50	124915.619752	0.083	1	0.00423233186331462
"99"	2	4	1	100	0.1	0.75	900	17202.025174	7.587	1	0.00389263198024036
"100"	2	4	1	50	0.1	0.5	700	22346.037628	1.919	1	0.00349618766137412
