""	""	""	""	""	""	""	""	""	"rnkIndex"	""
"1"	2	4	1	200	0.25	0.9	900	43201.763862	25.445	1	Inf
"2"	2	4	3	50	0.1	0.1	50	319783.444178	0.069	1	Inf
"3"	2	4	1	200	0.25	0.9	800	43432.27158	20.825	1	0.202712365501088
"4"	2	4	1	200	0.1	0.5	800	45048.079677	11.971	1	0.20154284402335
"5"	2	2	1	100	0.1	0.75	900	45095.823613	7.249	1	0.125890224215284
"6"	2	4	1	200	0.1	0.75	800	43736.336109	16.443	1	0.104682974766446
"7"	2	4	1	200	0.1	0.75	800	44880.981912	16.241	1	0.0979220563033506
"8"	2	4	3	50	0.1	0.25	50	283809.006135	0.086	1	0.0822511499867295
"9"	2	4	1	50	0.1	0.1	100	232471.723446	0.15	1	0.0607108335607408
"10"	2	4	1	50	0.1	0.25	50	267982.076808	0.087	1	0.0566622339069052
"11"	2	4	1	50	0.1	0.1	50	307421.011547	0.071	1	0.053114141754604
"12"	2	4	1	50	0.1	0.25	100	216271.227792	0.175	1	0.0498866913505182
"13"	2	4	1	50	0.1	0.1	50	295688.114056	0.075	1	0.0466560147795909
"14"	2	4	3	50	0.1	0.5	50	252380.885692	0.114	1	0.0434704103636196
"15"	2	4	1	50	0.1	0.5	300	100718.209296	0.695	1	0.040339003804728
"16"	2	3	1	50	0.1	0.25	300	112134.100882	0.629	1	0.0385831888469473
"17"	2	4	1	50	0.1	0.25	150	157453.542517	0.283	1	0.0383492778517686
"18"	2	4	1	50	0.1	0.25	150	165265.991819	0.273	1	0.0380750929340709
"19"	2	4	1	50	0.1	0.5	50	241410.823022	0.117	1	0.0374659893151384
"20"	2	4	1	100	0.1	0.5	700	50851.089174	3.933	1	0.0362673756183526
"21"	2	4	1	50	0.1	0.5	200	132915.555967	0.457	1	0.0354247997500382
"22"	2	4	1	50	0.1	0.75	300	84793.519482	0.869	1	0.032767291405079
"23"	2	4	1	50	0.1	0.5	100	186745.221703	0.232	1	0.0327125059148887
"24"	2	4	1	50	0.1	0.5	100	177505.220733	0.234	1	0.0308559136971334
"25"	2	4	1	50	0.1	0.75	900	50887.553887	2.642	1	0.0303393390832504
"26"	2	3	1	50	0.1	0.25	100	197242.63966	0.204	1	0.0293135601490035
"27"	2	2	1	100	0.1	0.5	900	46680.676159	5.87	1	0.028857216700681
"28"	2	4	1	50	0.1	0.25	50	264690.296714	0.09	1	0.0281731152326364
"29"	2	4	1	50	0.1	0.5	150	142314.568967	0.354	1	0.0275156595329536
"30"	2	4	1	50	0.1	0.5	200	125309.161738	0.463	1	0.027085185019555
"31"	2	4	1	50	0.1	0.5	100	190401.257768	0.23	1	0.0263614235943755
"32"	2	4	1	50	0.1	0.25	50	258491.220007	0.091	1	0.0260175419627496
"33"	2	4	1	50	0.1	0.5	150	152849.56719	0.345	1	0.0250969670774789
"34"	2	4	1	50	0.1	0.5	400	77122.403048	0.932	1	0.0250797240024421
"35"	2	4	1	100	0.1	0.75	900	45519.76501	6.399	1	0.0246379923684695
"36"	2	4	1	50	0.1	0.1	50	301863.806891	0.073	1	0.0235477948786574
"37"	2	4	1	100	0.1	0.5	900	46970.559357	5.103	1	0.0228517221190458
"38"	2	4	1	50	0.1	0.25	100	208476.789178	0.181	1	0.0215090131152821
"39"	2	4	1	50	0.1	0.5	150	147129.090383	0.348	1	0.021286075775087
"40"	2	3	1	100	0.1	0.5	700	49299.904689	4.309	1	0.0197776304355353
"41"	2	4	1	50	0.1	0.5	300	99022.599296	0.698	1	0.0197312197420073
"42"	2	4	1	50	0.1	0.5	600	65560.667384	1.404	1	0.019567860943734
"43"	2	3	1	50	0.1	0.5	100	176506.282918	0.257	1	0.0188866594808096
"44"	2	4	1	50	0.1	0.5	300	94080.277731	0.699	1	0.0186696814279581
"45"	2	4	1	50	0.1	0.25	50	255927.912492	0.094	1	0.018594557488722
"46"	2	4	1	50	0.1	0.5	700	59306.642881	1.654	1	0.0185705169483591
"47"	2	4	1	50	0.1	0.1	50	299485.723709	0.074	1	0.0183187550562139
"48"	2	4	1	50	0.1	0.5	500	69514.528465	1.252	1	0.0182279309314184
"49"	2	4	1	50	0.1	0.25	150	171379.229139	0.268	1	0.0180685104190705
"50"	2	3	1	50	0.1	0.25	100	200096.308393	0.202	1	0.0174523142320775
"51"	2	4	1	100	0.1	0.5	900	49276.178373	4.937	1	0.0174364580952481
"52"	2	4	1	50	0.1	0.25	200	137935.927085	0.362	1	0.0173301082554579
"53"	2	4	1	50	0.1	0.5	900	53020.510416	2.201	1	0.0170053042776474
"54"	2	4	1	50	0.1	0.5	150	149447.758715	0.346	1	0.016994099387706
"55"	2	4	1	50	0.1	0.75	150	137039.29317	0.431	1	0.0169780090215151
"56"	2	4	1	50	0.1	0.1	100	236592.038811	0.149	1	0.0165941317885504
"57"	2	3	1	50	0.1	0.25	100	203080.215755	0.196	1	0.0165911242278963
"58"	2	4	1	50	0.1	0.25	100	205559.78856	0.183	1	0.0163037735733903
"59"	2	4	1	50	0.1	0.75	900	51152.347038	2.615	1	0.0161646927649411
"60"	2	4	1	50	0.1	0.5	200	114784.344094	0.486	1	0.0158548511221881
"61"	2	4	1	50	0.1	0.25	150	170237.901857	0.272	1	0.0155493504015307
"62"	2	4	1	100	0.1	0.75	900	46369.80409	6.315	1	0.0152545528063019
"63"	2	4	1	50	0.1	0.5	200	121803.3107	0.469	1	0.0139322183157681
"64"	2	4	1	50	0.1	0.5	700	62546.598739	1.653	1	0.0137281534414957
"65"	2	4	1	50	0.1	0.75	300	87675.056398	0.863	1	0.0135810509779698
"66"	2	4	1	50	0.1	0.25	100	212806.073324	0.18	1	0.0134430974743776
"67"	2	3	1	50	0.1	0.5	400	75618.483662	1.062	1	0.0134343320520709
"68"	2	4	1	50	0.1	0.5	200	117760.461216	0.47	1	0.01300292762391
"69"	2	3	1	100	0.1	0.5	700	49942.058442	4.14	1	0.0129909241983539
"70"	2	3	1	50	0.1	0.5	700	57886.580009	1.867	1	0.0124352154902399
"71"	2	4	1	50	0.1	0.75	700	56031.786734	2.035	1	0.0123380451881683
"72"	2	4	1	50	0.1	0.5	200	112186.783291	0.487	1	0.0110371839526547
"73"	2	4	1	50	0.1	0.5	100	188537.708178	0.231	1	0.0108630114369317
"74"	2	3	1	50	0.1	0.5	300	88673.444738	0.775	1	0.0105659347587755
"75"	2	4	1	50	0.1	0.75	700	54490.9566	2.125	1	0.0103919779983357
"76"	2	4	1	50	0.1	0.5	600	64321.139698	1.44	1	0.0103634201712879
"77"	2	4	1	50	0.1	0.5	500	71711.637123	1.175	1	0.0102080907223671
"78"	2	4	1	50	0.1	0.5	700	63832.789552	1.639	1	0.0100099546092293
"79"	2	4	1	50	0.1	0.5	300	90105.635779	0.712	1	0.00983566139708714
"80"	2	4	1	50	0.1	0.25	100	215808.914176	0.176	1	0.00975494874233204
"81"	2	4	1	50	0.1	0.5	800	57316.54795	1.947	1	0.00924199441768739
"82"	2	4	1	50	0.1	0.5	200	117446.745559	0.474	1	0.00916391013522411
"83"	2	4	1	50	0.1	0.25	100	212989.659763	0.177	1	0.00897487200780298
"84"	2	2	1	50	0.1	0.5	400	73831.556092	1.141	1	0.00896663582500207
"85"	2	4	1	50	0.1	0.5	200	123830.117156	0.466	1	0.00856102403261064
"86"	2	4	1	50	0.1	0.5	500	70112.46045	1.191	1	0.00822171489056179
"87"	2	4	1	50	0.1	0.5	300	91499.042194	0.709	1	0.00802869426722976
"88"	2	3	1	50	0.1	0.5	50	239809.922696	0.126	1	0.00795007307019059
"89"	2	4	1	200	0.1	0.75	800	44619.971857	16.297	1	0.00790030342286633
"90"	2	4	1	50	0.1	0.5	300	92750.963665	0.703	1	0.00786138586473642
"91"	2	4	1	50	0.1	0.5	400	76899.273294	0.946	1	0.0073547183439013
"92"	2	4	1	100	0.1	0.5	900	47728.526372	4.986	1	0.00719638974407117
"93"	2	4	1	50	0.1	0.75	400	73320.644929	1.159	1	0.00703256460255164
"94"	2	4	1	50	0.1	0.75	50	238064.582574	0.148	1	0.007023832908465
"95"	2	4	1	50	0.1	0.5	200	122446.180155	0.467	1	0.00606441266247781
"96"	2	4	1	50	0.1	0.5	900	53237.154389	2.13	1	0.00604915490455281
"97"	2	4	1	100	0.1	0.5	900	48473.827015	4.98	1	0.00567435175399272
"98"	2	3	1	50	0.1	0.5	50	238860.021695	0.135	1	0.0056560595298333
"99"	2	3	1	50	0.1	0.5	100	170498.21799	0.27	1	0.00346659481426495
