""	""	""	""	""	""	""	""	""	"rnkIndex"	""
"1"	2	4	1	50	0.1	0.1	50	2144.397957	0.054	1	Inf
"2"	2	4	1	1000	0.1	1	300	659.861949	107.66	1	Inf
"3"	2	3	1	1000	0.1	1	200	665.588901	72.018	1	0.422492986077152
"4"	2	4	1	50	0.1	0.5	900	666.184283	1.687	1	0.39868288692164
"5"	2	4	1	1000	0.1	0.75	300	664.017754	78.567	1	0.19862255742829
"6"	2	4	1	50	0.1	0.25	50	1930.717722	0.068	1	0.121694361176465
"7"	2	3	1	50	0.1	1	50	1560.881063	0.134	1	0.103344463710687
"8"	2	4	1	50	0.1	0.25	100	1434.313634	0.137	1	0.0863458070774562
"9"	2	4	1	50	0.1	0.25	50	1833.623684	0.07	1	0.0682728090541186
"10"	2	4	1	50	0.1	0.25	50	2042.394641	0.067	1	0.0661484138606993
"11"	2	4	1	50	0.1	0.5	100	1213.904136	0.187	1	0.0519826862782804
"12"	2	4	1	50	0.1	0.75	150	969.712364	0.346	1	0.0469992111611426
"13"	2	3	1	50	0.1	0.25	50	1737.535258	0.081	1	0.0466560614464892
"14"	2	4	1	50	0.1	0.5	50	1623.114894	0.093	1	0.0452703443737775
"15"	2	4	1	50	0.1	0.25	50	1793.788412	0.074	1	0.0443909053130375
"16"	2	4	1	50	0.1	0.5	150	1086.356121	0.268	1	0.0427403437303337
"17"	2	4	1	50	0.1	0.5	100	1334.142767	0.177	1	0.0405209685703575
"18"	2	4	1	50	0.1	0.5	50	1688.87897	0.092	1	0.0390881335716523
"19"	2	4	1	50	0.1	0.25	150	1153.817416	0.217	1	0.0389425785098061
"20"	2	3	1	50	0.1	0.5	50	1611.233813	0.095	1	0.0364963694916387
"21"	2	4	1	50	0.1	0.25	100	1412.797589	0.141	1	0.0355820046437107
"22"	2	4	1	50	0.1	0.1	50	2099.95156	0.058	1	0.0352508020940809
"23"	2	4	1	50	0.1	0.5	200	918.280883	0.36	1	0.0347679249143771
"24"	2	4	1	50	0.1	0.5	150	1109.9986	0.267	1	0.0340333287741991
"25"	2	4	1	50	0.1	0.5	150	1036.713136	0.272	1	0.0331796436147031
"26"	2	4	1	50	0.1	0.5	50	1713.878497	0.089	1	0.0276652069394646
"27"	2	4	1	50	0.1	0.5	100	1297.258772	0.178	1	0.0275242417882415
"28"	2	4	1	50	0.1	0.25	100	1373.329013	0.144	1	0.0270212161636062
"29"	2	4	1	50	0.1	0.1	50	2127.613334	0.056	1	0.0259265985532666
"30"	2	4	1	50	0.1	0.5	300	770.247107	0.57	1	0.0255643720443585
"31"	2	4	1	50	0.1	0.1	50	2067.168777	0.06	1	0.0253109824226561
"32"	2	4	1	50	0.1	0.5	300	801.491643	0.548	1	0.0250633398117633
"33"	2	4	1	50	0.1	0.75	300	732.157054	0.675	1	0.0236978669512011
"34"	2	4	1	50	0.1	0.75	200	852.227471	0.463	1	0.0236239289161037
"35"	2	4	1	50	0.1	0.5	100	1242.716165	0.186	1	0.0235715509395846
"36"	2	4	1	50	0.1	0.25	50	1813.605697	0.071	1	0.0232390977374141
"37"	2	3	1	50	0.1	0.25	100	1366.623496	0.161	1	0.0230197188694168
"38"	2	3	1	50	0.1	0.25	150	1144.645972	0.257	1	0.0220549836612995
"39"	2	4	1	50	0.1	0.5	300	820.354723	0.543	1	0.0205144599670422
"40"	2	4	1	50	0.1	0.5	100	1286.936385	0.179	1	0.0203592131024689
"41"	2	4	1	50	0.1	0.75	150	998.685555	0.335	1	0.0188712564302867
"42"	2	4	1	50	0.1	0.5	300	774.835058	0.549	1	0.018330784362159
"43"	2	4	1	50	0.1	0.5	100	1262.35531	0.181	1	0.0161121397320644
"44"	2	4	1	50	0.1	0.5	700	684.76473	1.293	1	0.0156405323059038
"45"	2	4	1	50	0.1	0.75	200	860.060609	0.455	1	0.0147222020654394
"46"	2	4	1	50	0.1	0.5	50	1690.162219	0.091	1	0.0145869051748701
"47"	2	4	1	50	0.1	0.1	50	2056.552016	0.061	1	0.0134231524589908
"48"	2	4	1	50	0.1	0.75	200	877.365128	0.45	1	0.0133789934183505
"49"	2	4	1	50	0.1	0.5	400	725.10041	0.763	1	0.0129610161859066
"50"	2	4	1	50	0.1	0.5	200	900.913908	0.366	1	0.0116550157866967
"51"	2	4	1	50	0.1	0.75	400	710.479472	0.903	1	0.0115947079066959
"52"	2	4	1	50	0.1	0.5	300	817.809705	0.546	1	0.0110213594476196
"53"	2	4	1	50	0.1	0.5	150	1018.789346	0.274	1	0.0106376478969348
"54"	2	4	1	50	0.1	0.5	150	1029.47459	0.273	1	0.0104574761095249
"55"	2	4	1	50	0.1	0.5	200	890.287037	0.37	1	0.0101635025724007
"56"	2	4	1	50	0.1	0.5	200	910.218522	0.363	1	0.0101548640111659
"57"	2	4	1	50	0.1	0.5	150	1011.251068	0.276	1	0.010126761005755
"58"	2	4	1	50	0.1	0.5	100	1254.319221	0.184	1	0.00969907332287425
"59"	2	4	1	50	0.1	0.25	50	2044.18478	0.065	1	0.00828421365608772
"60"	2	4	1	50	0.1	0.5	150	1001.47999	0.281	1	0.00764681940338129
"61"	2	4	1	50	0.1	0.75	500	693.186861	1.164	1	0.00756164596828385
"62"	2	4	1	50	0.1	0.75	500	688.704827	1.228	1	0.00561546744533225
"63"	2	3	1	50	0.1	0.25	150	1147.58599	0.24	1	0.00556455285421135
"64"	2	4	1	50	0.1	0.75	500	700.907984	1.146	1	0.00508542976325674
"65"	2	4	1	50	0.1	0.75	500	708.553276	1.119	1	0.00505597312757928
"66"	2	4	1	50	0.1	0.5	200	883.588516	0.378	1	0.0047035882072574
"67"	2	4	1	50	0.1	0.5	100	1259.319911	0.182	1	0.00470010890179986
"68"	2	4	1	50	0.1	0.5	400	731.166424	0.738	1	0.00459497947058638
"69"	2	4	1	50	0.1	0.75	500	703.872775	1.123	1	0.0041171317786605
"70"	2	4	1	50	0.1	0.75	200	882.940637	0.447	1	0.00402166809890458
"71"	2	4	1	50	0.1	0.75	500	701.602047	1.131	1	0.0018539868082186
"72"	2	4	1	1000	0.25	1	500	660.267831	182.567	2	Inf
"73"	2	4	1	50	0.1	0.1	50	2259.989906	0.054	2	Inf
"74"	2	4	1	1000	0.25	1	300	661.535871	110.843	2	0.602920044416565
"75"	2	4	1	1000	0.1	0.25	300	667.389704	30.674	2	0.338605256365163
"76"	2	3	1	1000	0.1	1	200	665.887118	73.124	2	0.237018802823395
"77"	2	4	1	1000	0.1	1	200	666.527812	68.115	2	0.233461923761724
"78"	2	2	1	100	0.25	0.75	900	667.786213	6.449	2	0.174285024554783
"79"	2	4	1	50	0.1	0.25	150	1217.360082	0.216	2	0.126542455025465
"80"	2	4	1	50	0.1	0.1	50	2105.415656	0.061	2	0.0997342099406048
"81"	2	4	1	50	0.1	0.5	150	1063.868519	0.272	2	0.0909234807078987
"82"	2	4	1	50	0.1	0.1	50	2150.077857	0.055	2	0.0901288244095637
"83"	2	4	1	50	0.1	0.25	50	1979.079409	0.068	2	0.0879529477439334
"84"	2	4	1	50	0.1	0.5	200	893.287476	0.375	2	0.0799271007284379
"85"	2	4	1	50	0.1	0.5	200	954.426882	0.368	2	0.0791211441883529
"86"	2	4	1	50	0.1	1	50	1635.321496	0.128	2	0.0743884285995148
"87"	2	4	1	50	0.1	0.25	100	1454.322718	0.14	2	0.0704743243797198
"88"	2	4	1	50	0.1	0.25	50	1893.406599	0.071	2	0.0657916795091341
"89"	2	4	1	50	0.1	0.25	100	1553.550782	0.137	2	0.0649779858544599
"90"	2	4	1	50	0.1	0.5	150	1028.176045	0.283	2	0.0631546270411929
"91"	2	4	1	50	0.1	0.25	100	1403.086117	0.146	2	0.0608073183054929
"92"	2	4	1	50	0.1	0.5	100	1350.386366	0.182	2	0.0593930050121336
"93"	2	4	1	50	0.1	0.25	100	1523.937826	0.139	2	0.0578495045941068
"94"	2	4	1	50	0.1	0.5	50	1753.949291	0.088	2	0.0553832983430244
"95"	2	4	1	50	0.1	0.5	300	818.99215	0.549	2	0.0541975405407616
"96"	2	4	1	50	0.1	0.75	300	803.145569	0.678	2	0.0525533610381962
"97"	2	4	1	50	0.1	0.25	50	1816.478021	0.074	2	0.051248359908767
"98"	2	4	1	50	0.1	0.5	50	1680.779753	0.094	2	0.0504959825750544
"99"	2	4	1	50	0.1	0.25	50	1954.584104	0.069	2	0.0499490993385377
"100"	2	4	1	50	0.1	0.5	100	1280.233814	0.192	2	0.0492371872501352
