""	""	""	""	""	""	""	""	""	"rnkIndex"	""
"1"	2	4	1	50	0.5	1	700	679.983695	1.953	1	Inf
"2"	2	4	1	50	0.1	0.1	50	2120.31206	0.046	1	Inf
"3"	2	4	1	50	0.1	1	700	680.227691	1.622	1	0.206023772682616
"4"	2	4	1	50	0.1	0.1	50	1970.342704	0.047	1	0.184772928659006
"5"	2	4	1	50	0.1	0.25	50	1687.150333	0.056	1	0.144915961647645
"6"	2	4	1	50	0.1	0.5	700	685.286896	1.117	1	0.140746142814771
"7"	2	4	1	50	0.1	0.5	600	686.609546	0.941	1	0.119946486548806
"8"	2	4	1	50	0.1	0.25	50	1569.136571	0.057	1	0.115594581971173
"9"	2	4	1	50	0.1	0.1	50	1820.411248	0.048	1	0.104049014769834
"10"	2	4	1	50	0.1	0.75	300	701.47667	0.601	1	0.0928143289854721
"11"	2	4	1	50	0.1	0.25	100	1338.125135	0.117	1	0.092161170230378
"12"	2	4	1	50	0.1	0.25	100	1210.808162	0.118	1	0.0919295323519165
"13"	2	4	1	50	0.1	0.25	50	1501.800401	0.063	1	0.0885055878949066
"14"	2	3	1	50	0.1	0.1	50	1803.78145	0.054	1	0.0838286319814668
"15"	2	4	1	50	0.1	0.5	100	1111.4852	0.151	1	0.0818256462653435
"16"	2	4	1	50	0.1	0.5	50	1432.606317	0.076	1	0.0792656045100608
"17"	2	4	1	50	0.1	0.5	100	1013.144156	0.152	1	0.0764919709827638
"18"	2	4	1	50	0.1	0.5	100	957.190938	0.158	1	0.0692435804156914
"19"	2	4	1	50	0.1	0.25	100	1134.856803	0.123	1	0.0555862203371283
"20"	2	4	1	50	0.1	0.5	150	905.109095	0.229	1	0.051142302805122
"21"	2	4	1	50	0.1	0.25	100	1190.497119	0.122	1	0.0478845143809447
"22"	2	2	1	50	0.1	0.5	600	685.475765	1.055	1	0.0435001266852606
"23"	2	4	1	50	0.1	0.5	50	1379.122732	0.079	1	0.0363808437889312
"24"	2	4	1	50	0.1	0.5	100	988.584798	0.155	1	0.035838278860124
"25"	2	4	1	50	0.1	0.5	200	763.986753	0.313	1	0.0339588749069093
"26"	2	4	1	50	0.1	0.75	200	755.028379	0.378	1	0.0320083597745806
"27"	2	4	1	50	0.1	0.5	150	813.599474	0.281	1	0.0316658217569228
"28"	2	3	1	50	0.1	0.5	50	1347.366821	0.084	1	0.031621678619877
"29"	2	4	1	50	0.1	0.5	300	715.106756	0.478	1	0.0297350927784421
"30"	2	4	1	50	0.1	0.75	300	709.729335	0.571	1	0.0297148185755772
"31"	2	4	1	50	0.1	0.75	200	729.00642	0.396	1	0.0266943250114928
"32"	2	4	1	50	0.1	0.5	300	728.05671	0.464	1	0.0245554202953702
"33"	2	4	1	50	0.1	0.5	200	802.097644	0.309	1	0.0242647743483378
"34"	2	4	1	50	0.1	0.5	150	831.525792	0.253	1	0.0228632534794915
"35"	2	4	1	50	0.1	0.5	150	852.846854	0.233	1	0.0219345564139387
"36"	2	3	1	50	0.1	0.5	50	1375.770156	0.082	1	0.0207265890134828
"37"	2	4	1	50	0.1	0.75	200	743.079286	0.392	1	0.0203561424292729
"38"	2	4	1	50	0.1	0.5	150	875.116694	0.232	1	0.0185328172482286
"39"	2	4	1	50	0.1	0.5	150	882.216832	0.231	1	0.017240086681414
"40"	2	4	1	50	0.1	0.5	150	902.382947	0.23	1	0.0145522873863821
"41"	2	4	1	50	0.1	0.5	200	783.846422	0.311	1	0.0139833823602052
"42"	2	4	1	50	0.1	0.5	150	840.210896	0.234	1	0.0128961122130737
"43"	2	4	1	50	0.1	0.5	200	785.558508	0.31	1	0.011700386323962
"44"	2	4	1	50	0.1	0.5	300	717.06989	0.467	1	0.0113532804822171
"45"	2	4	1	50	0.1	0.5	150	833.044468	0.236	1	0.00994525647136374
"46"	2	4	1	50	0.1	0.75	300	709.377996	0.586	1	0.00663315916027348
"47"	2	4	1	50	0.1	0.75	300	708.802375	0.596	1	0.00575838281824637
"48"	2	4	1	50	0.1	0.75	300	704.348797	0.597	1	0.00450000961010885
"49"	2	4	1	50	0.1	0.75	300	702.663386	0.599	1	0.00273507786483047
"50"	2	4	1	50	0.1	0.1	50	2165.479883	0.046	2	Inf
"51"	2	3	1	100	0.25	1	700	684.626595	4.169	2	Inf
"52"	2	2	1	50	0.25	0.5	700	686.593277	1.544	2	0.673129956560055
"53"	2	3	1	100	0.25	1	700	684.953364	4.168	2	0.637880844169723
"54"	2	4	1	50	0.1	0.1	50	2073.915736	0.047	2	0.164044744550168
"55"	2	4	1	50	0.1	0.75	300	712.234862	0.579	2	0.122166516478234
"56"	2	4	1	50	0.1	0.1	50	1899.31108	0.048	2	0.12206006177022
"57"	2	3	1	50	0.1	0.1	50	1832.243321	0.054	2	0.10906704715882
"58"	2	4	1	50	0.1	0.25	50	1701.343355	0.056	2	0.108712489461676
"59"	2	4	1	50	0.1	0.5	700	688.865906	1.146	2	0.100562986938062
"60"	2	4	1	50	0.1	0.25	100	1359.037798	0.116	2	0.0989459394129906
"61"	2	3	1	50	0.25	0.5	700	688.629924	1.402	2	0.0979281731066469
"62"	2	4	1	50	0.1	0.5	600	702.008779	0.932	2	0.0974067216477855
"63"	2	4	1	50	0.1	0.25	100	1218.961646	0.118	2	0.0889426609332867
"64"	2	4	1	50	0.1	0.5	100	1151.362048	0.151	2	0.0676020797509474
"65"	2	4	1	50	0.1	0.25	50	1542.523802	0.063	2	0.0674382805214098
"66"	2	4	1	50	0.1	0.5	150	920.433256	0.229	2	0.0633340074834781
"67"	2	4	1	50	0.1	0.5	300	718.464846	0.47	2	0.0581215148281028
"68"	2	4	1	50	0.1	0.5	50	1473.176681	0.076	2	0.0577166111441561
"69"	2	4	1	50	0.1	0.5	100	1068.165202	0.152	2	0.0523703133621252
"70"	2	3	1	50	0.1	0.25	50	1577.396556	0.062	2	0.0478993062552613
"71"	2	4	1	50	0.1	0.25	100	1166.731129	0.123	2	0.047162218045983
"72"	2	4	1	50	0.1	0.75	200	737.351627	0.403	2	0.04690071961669
"73"	2	4	1	50	0.1	0.5	200	805.918128	0.31	2	0.0462503070280581
"74"	2	4	1	50	0.1	0.5	200	772.200135	0.315	2	0.0456456652341521
"75"	2	4	1	50	0.1	0.25	50	1618.893933	0.059	2	0.0451665295410764
"76"	2	2	1	50	0.1	0.5	100	959.256902	0.174	2	0.0433062730775362
"77"	2	4	1	50	0.1	0.75	200	758.476288	0.378	2	0.0427579500471107
"78"	2	4	1	50	0.1	0.1	50	1877.254805	0.052	2	0.0426681196838124
"79"	2	4	1	50	0.1	0.5	50	1396.637592	0.081	2	0.0421841539107028
"80"	2	4	1	50	0.1	0.5	100	962.883985	0.158	2	0.0417306011833598
"81"	2	4	1	50	0.1	0.5	600	688.87511	0.988	2	0.0415314867225888
"82"	2	4	1	50	0.1	0.5	100	1020.062585	0.156	2	0.041025448196602
"83"	2	4	1	50	0.1	0.75	150	836.808657	0.288	2	0.0398706564067
"84"	2	4	1	50	0.1	0.5	50	1432.841676	0.078	2	0.0362956323135463
"85"	2	4	1	50	0.1	0.25	100	1216.270467	0.121	2	0.033308152202438
"86"	2	4	1	50	0.1	0.25	50	1656.51416	0.057	2	0.032453531874221
"87"	2	4	1	50	0.1	0.5	150	842.383206	0.238	2	0.0320277046560745
"88"	2	4	1	50	0.1	0.75	50	1371.297904	0.096	2	0.0315938868099468
"89"	2	4	1	50	0.1	0.5	150	879.082935	0.232	2	0.029257595334048
"90"	2	4	1	50	0.1	0.5	50	1454.124485	0.077	2	0.0252707823191608
"91"	2	4	1	50	0.1	0.5	100	1037.72163	0.154	2	0.0241210443536451
"92"	2	4	1	50	0.1	0.25	50	1649.319503	0.058	2	0.0236025621370003
"93"	2	4	1	50	0.1	0.5	150	867.615116	0.234	2	0.0208867235947894
"94"	2	4	1	50	0.1	0.5	100	1066.926623	0.153	2	0.0191925364511418
"95"	2	4	1	50	0.1	0.5	600	693.300097	0.986	2	0.0134144555512412
"96"	2	4	1	50	0.1	0.5	600	695.311806	0.949	2	0.0129431436846916
"97"	2	4	1	50	0.1	0.5	100	1028.462644	0.155	2	0.0113364959348358
"98"	2	4	1	50	0.1	0.5	600	696.601601	0.941	2	0.00823847427654726
"99"	2	4	1	50	0.1	0.5	150	874.399712	0.233	2	0.00753201241334084
"100"	2	4	1	50	0.1	0.1	50	2190.617115	0.047	3	Inf
