""	""	""	""	""	""	""	""	""	"rnkIndex"	""
"1"	2	2	1	50	0.1	1	150	1273	1.517	1	Inf
"2"	2	4	1	50	0.1	0.1	50	2457	0.118	1	Inf
"3"	2	3	1	50	0.1	0.5	150	1274	0.924	1	0.215332184461822
"4"	2	3	1	50	0.1	0.1	50	2110	0.124	1	0.153323388800356
"5"	2	4	1	50	0.1	0.1	50	2415	0.122	1	0.147669829151688
"6"	2	2	1	50	0.1	0.25	50	1578	0.195	1	0.126427750806063
"7"	2	3	1	50	0.1	0.25	50	1740	0.191	1	0.0987189464971772
"8"	2	4	1	50	0.1	0.25	50	1931	0.186	1	0.097549691781245
"9"	2	3	1	50	0.1	0.25	150	1316	0.595	1	0.0912444872697625
"10"	2	3	1	50	0.1	0.25	50	1792	0.187	1	0.0873719873006461
"11"	2	2	1	50	0.1	0.25	200	1292	0.797	1	0.0821474014502959
"12"	2	4	1	50	0.1	0.25	150	1408	0.569	1	0.0819624084299991
"13"	2	3	1	50	0.1	0.5	50	1541	0.299	1	0.0725530889819516
"14"	2	2	1	50	0.1	0.25	100	1416	0.401	1	0.0687099284734833
"15"	2	4	1	50	0.1	0.25	50	2008	0.185	1	0.0577524120125017
"16"	2	3	1	50	0.1	0.5	150	1284	0.906	1	0.0499786902864767
"17"	2	3	1	50	0.1	0.1	50	2026	0.142	1	0.0448841245722615
"18"	2	2	1	50	0.1	0.25	200	1291	0.801	1	0.0411218792078963
"19"	2	3	1	50	0.1	0.25	150	1363	0.57	1	0.0392858466441834
"20"	2	3	1	50	0.25	0.5	50	1536	0.351	1	0.0388309305859245
"21"	2	2	1	50	0.1	0.25	100	1423	0.389	1	0.0376604405242807
"22"	2	3	1	50	0.1	0.25	100	1490	0.388	1	0.0360427553150749
"23"	2	3	1	50	0.1	0.25	150	1325	0.575	1	0.0296850486108538
"24"	2	4	1	50	0.1	0.1	50	2072	0.138	1	0.0280031254246501
"25"	2	3	1	50	0.1	0.25	100	1512	0.374	1	0.0238875711867966
"26"	2	3	1	50	0.1	0.1	50	2080	0.131	1	0.0218612953835131
"27"	2	3	1	50	0.1	0.1	50	2437	0.121	1	0.0202114911858083
"28"	2	3	1	50	0.1	0.25	100	1498	0.382	1	0.00948127833574226
"29"	2	4	1	50	0.1	0.25	100	1505	0.38	1	0.00903284784246872
"30"	2	4	1	50	0.1	0.1	50	2773	0.119	2	Inf
"31"	2	3	1	50	0.1	0.25	500	1273	2.026	2	Inf
"32"	2	3	1	50	0.1	0.5	200	1274	1.236	2	0.382719675351147
"33"	2	4	1	50	0.1	0.1	50	2668	0.12	2	0.128042965323846
"34"	2	3	1	50	0.1	0.5	150	1281	0.925	2	0.127569827916342
"35"	2	4	1	50	0.1	0.1	50	2489	0.121	2	0.113244759045819
"36"	2	2	1	50	0.1	0.25	200	1305	0.806	2	0.107589655215012
"37"	2	2	1	50	0.1	0.1	50	2383	0.124	2	0.105965793277249
"38"	2	4	1	50	0.1	0.1	50	2183	0.125	2	0.104860776538314
"39"	2	4	1	50	0.1	0.25	50	1842	0.187	2	0.0977899665221312
"40"	2	3	1	50	0.1	0.25	50	2028	0.185	2	0.0952034614386836
"41"	2	4	1	50	0.1	0.5	100	1320	0.613	2	0.0879371579636562
"42"	2	3	1	50	0.25	0.25	100	1431	0.52	2	0.0777903371258446
"43"	2	2	1	50	0.1	0.1	100	1602	0.275	2	0.0760750596054306
"44"	2	3	1	50	0.1	0.25	50	1650	0.207	2	0.0664974243041915
"45"	2	4	1	50	0.1	0.5	50	1551	0.299	2	0.0629266575251084
"46"	2	3	1	50	0.1	0.25	50	1761	0.196	2	0.0539080161583219
"47"	2	2	1	50	0.1	0.25	50	1695	0.203	2	0.053563663541242
"48"	2	3	1	50	0.1	0.5	150	1302	0.902	2	0.0517402932710719
"49"	2	3	1	50	0.1	0.25	100	1446	0.406	2	0.0509796291492174
"50"	2	4	1	50	0.1	0.1	50	2417	0.122	2	0.0485666901382352
"51"	2	3	1	50	0.1	0.25	50	2052	0.184	2	0.0405038975157198
"52"	2	4	1	50	0.1	0.25	100	1540	0.377	2	0.0383105412049562
"53"	2	4	1	50	0.1	0.25	150	1400	0.572	2	0.0369806915465293
"54"	2	2	1	50	0.1	0.25	150	1336	0.591	2	0.0321674758181077
"55"	2	3	1	50	0.1	0.1	50	2153	0.129	2	0.0319028029994194
"56"	2	4	1	50	0.1	0.1	50	2083	0.139	2	0.0317755623911352
"57"	2	3	1	50	0.1	0.25	50	1806	0.191	2	0.0257288539697834
"58"	2	4	1	50	0.1	0.25	100	1501	0.383	2	0.0211404711608544
"59"	2	3	1	50	0.1	0.25	150	1371	0.586	2	0.0204838849151935
"60"	2	4	1	50	0.1	0.1	50	2118	0.133	2	0.0201074133096147
"61"	2	2	1	50	0.1	0.25	50	1813	0.189	2	0.0175209082261671
"62"	2	4	1	50	0.1	0.25	100	1476	0.389	2	0.0172086745975861
"63"	2	3	1	50	0.1	0.25	150	1390	0.574	2	0.0147583663788311
"64"	2	4	1	50	0.1	0.1	50	2112	0.134	2	0.0136931895390925
"65"	2	4	1	50	0.1	0.25	100	1517	0.381	2	0.0130366032934317
"66"	2	4	1	50	0.1	0.25	150	1374	0.581	2	0.012652410777156
"67"	2	3	1	50	0.1	0.1	50	2089	0.135	2	0.0123478980592719
"68"	2	4	1	50	0.1	0.25	100	1527	0.379	2	0.011691311813611
"69"	2	3	1	50	0.1	0.25	100	1468	0.39	2	0.00865637623688989
"70"	2	2	1	50	0.1	0.25	100	1451	0.398	2	0.00771967535114702
"71"	2	2	1	50	0.1	0.25	100	1459	0.392	2	0.00765543737414916
"72"	2	4	1	50	0.1	0.25	100	1454	0.394	2	0.00565355964866768
"73"	2	3	1	50	0.1	0.1	50	2086	0.136	2	0.00406799342796082
"74"	2	2	1	100	0.1	1	150	1273	3.022	3	Inf
"75"	2	2	1	50	0.1	0.1	50	2575	0.121	3	Inf
"76"	2	3	1	50	0.1	1	200	1284	2.013	3	0.629283870091045
"77"	2	4	1	50	0.1	0.5	200	1291	1.218	3	0.426259743789299
"78"	2	2	1	50	0.1	0.25	200	1310	0.809	3	0.163846372407318
"79"	2	4	1	50	0.1	0.25	150	1359	0.593	3	0.115972402376805
"80"	2	3	1	50	0.1	0.25	50	2010	0.188	3	0.0994166079877454
"81"	2	3	1	50	0.1	0.1	50	2090	0.136	3	0.0971024966336829
"82"	2	2	1	50	0.1	0.25	200	1340	0.806	3	0.0963532594596598
"83"	2	4	1	50	0.1	0.1	50	2182	0.13	3	0.0893019061384328
"84"	2	3	1	50	0.1	0.5	50	1675	0.303	3	0.0848676327070131
"85"	2	3	1	50	0.1	0.25	50	1701	0.206	3	0.0773805111860554
"86"	2	4	1	50	0.1	0.1	50	2283	0.128	3	0.0731262893920864
"87"	2	3	1	50	0.1	0.1	50	2475	0.122	3	0.0727819367750065
"88"	2	3	1	50	0.1	0.25	150	1422	0.576	3	0.0709097703492322
"89"	2	2	1	50	0.1	0.25	50	1821	0.195	3	0.0641897985151145
"90"	2	2	1	50	0.25	0.25	100	1468	0.509	3	0.0619822357286687
"91"	2	4	1	50	0.1	0.1	50	2415	0.124	3	0.0610186660737007
"92"	2	3	1	50	0.1	0.1	50	2342	0.126	3	0.0605702355804272
"93"	2	3	1	50	0.1	0.25	50	1770	0.202	3	0.0575995379807039
"94"	2	3	1	50	0.1	0.25	100	1501	0.392	3	0.0570173813141608
"95"	2	3	1	50	0.1	0.5	50	1558	0.308	3	0.0568002693053651
"96"	2	3	1	50	0.1	0.5	50	1587	0.304	3	0.0541881307984039
"97"	2	3	1	50	0.1	0.25	100	1521	0.383	3	0.0508665950166154
"98"	2	4	1	50	0.1	0.25	50	1909	0.189	3	0.0482544565096542
"99"	2	3	1	50	0.1	0.1	200	1458	0.516	3	0.0436994280349356
"100"	2	4	1	50	0.1	0.25	50	1907	0.194	3	0.0415279991105511
