""	""	""	""	""	""	""	""	""	"rnkIndex"	""
"1"	2	4	1	800	0.1	0.75	400	582.254831	89.179	1	Inf
"2"	2	4	1	50	0.1	0.1	50	2999.959584	0.061	1	Inf
"3"	2	4	1	900	0.1	0.5	300	582.472034	56.145	1	0.560461677954429
"4"	2	3	1	200	0.1	0.9	900	585.381569	18.413	1	0.400365005491311
"5"	2	4	1	100	0.1	0.75	900	586.266927	5.664	1	0.104078709793765
"6"	2	4	1	50	0.1	0.1	50	2801.727058	0.065	1	0.0746333434852163
"7"	2	4	1	50	0.1	0.1	50	2998.552589	0.063	1	0.0708741603970449
"8"	2	4	1	50	0.1	0.25	100	1781.977065	0.168	1	0.0636261991048104
"9"	2	4	1	50	0.1	0.5	50	2302.196935	0.102	1	0.0633601727375181
"10"	2	4	3	50	0.1	0.5	50	2425.889293	0.098	1	0.062115860648749
"11"	2	4	1	50	0.1	0.5	150	1454.158133	0.31	1	0.0593248413680551
"12"	2	4	1	50	0.1	0.5	50	2224.488412	0.112	1	0.0532663989640404
"13"	2	4	1	50	0.1	0.1	50	2724.560034	0.071	1	0.0513721137483718
"14"	2	4	1	50	0.1	0.75	50	2100.317417	0.133	1	0.0480902451243717
"15"	2	4	1	50	0.1	0.25	100	1884.52852	0.165	1	0.0469551038445691
"16"	2	4	1	50	0.1	0.75	200	1029.329793	0.519	1	0.0430045242510415
"17"	2	4	1	50	0.1	0.25	100	1995.065378	0.16	1	0.0404315055978436
"18"	2	4	1	50	0.1	0.5	200	1155.045336	0.414	1	0.039989149887757
"19"	2	4	1	50	0.1	0.5	150	1362.818042	0.311	1	0.0396205353024646
"20"	2	4	1	50	0.1	0.25	100	1913.212624	0.161	1	0.0395421813668444
"21"	2	4	1	50	0.1	0.75	150	1255.69809	0.391	1	0.0384605914740634
"22"	2	4	1	50	0.1	0.25	50	2646.272127	0.077	1	0.0368671999937439
"23"	2	4	1	50	0.1	0.25	50	2591.198132	0.08	1	0.0354518992992262
"24"	2	4	1	50	0.1	0.5	100	1601.881313	0.215	1	0.0353706122709096
"25"	2	4	1	50	0.1	0.5	300	965.576467	0.624	1	0.0344078832173266
"26"	2	4	1	50	0.1	0.25	100	2026.304353	0.159	1	0.0342782784852358
"27"	2	4	1	50	0.1	0.5	100	1707.417797	0.207	1	0.0342365166907877
"28"	2	4	1	50	0.1	0.5	150	1528.755231	0.308	1	0.0322054453679872
"29"	2	4	1	50	0.1	0.5	100	1675.789313	0.211	1	0.0304959657220079
"30"	2	4	1	50	0.1	0.25	50	2522.416966	0.081	1	0.0290676302011404
"31"	2	4	1	50	0.1	0.5	50	2248.881562	0.111	1	0.0278498091740588
"32"	2	4	1	50	0.1	0.1	50	2789.845303	0.069	1	0.0276246766138457
"33"	2	4	1	50	0.1	0.25	100	2090.939067	0.158	1	0.0266556257410361
"34"	2	4	1	50	0.1	0.5	150	1320.846972	0.317	1	0.02372087963617
"35"	2	4	1	50	0.1	0.25	50	2475.877638	0.096	1	0.0235658263923745
"36"	2	4	1	50	0.1	0.5	400	783.452923	0.866	1	0.022228699248007
"37"	2	4	1	50	0.1	0.5	150	1277.092303	0.318	1	0.0215587962202313
"38"	2	4	1	50	0.1	0.25	300	1083.280307	0.505	1	0.0212748882932706
"39"	2	4	1	50	0.1	0.25	50	2621.574696	0.079	1	0.0197055576916844
"40"	2	4	1	50	0.1	0.25	150	1577.411978	0.238	1	0.0170040771140953
"41"	2	4	1	50	0.1	0.75	400	758.354235	1.03	1	0.0163190947711685
"42"	2	4	1	50	0.1	0.75	1000	612.20315	2.68	1	0.0151874545254962
"43"	2	4	1	50	0.1	0.5	150	1343.402024	0.315	1	0.0150466655041667
"44"	2	2	1	50	0.25	0.75	1000	607.40823	3.973	1	0.0145047507493694
"45"	2	4	1	100	0.1	0.5	900	594.626631	4.408	1	0.0137067651776779
"46"	2	4	1	50	0.1	0.5	200	1125.145306	0.433	1	0.0136776463228272
"47"	2	3	1	50	0.1	0.5	200	1107.053069	0.46	1	0.0136465474232373
"48"	2	4	1	50	0.1	0.5	400	816.551609	0.849	1	0.0131057874406369
"49"	2	4	1	100	0.1	0.75	900	594.507722	5.658	1	0.0129151133537801
"50"	2	4	1	50	0.1	0.25	150	1554.985925	0.246	1	0.0124109948636299
"51"	2	3	1	50	0.1	0.25	50	2491.765142	0.095	1	0.0122710291767757
"52"	2	4	1	50	0.1	0.75	400	742.079408	1.06	1	0.0120285337555867
"53"	2	4	1	50	0.1	0.5	600	691.810904	1.302	1	0.0119800698003461
"54"	2	4	1	50	0.1	0.5	300	935.415776	0.626	1	0.0117669860578048
"55"	2	4	1	50	0.1	0.5	100	1687.060698	0.208	1	0.0113347175624104
"56"	2	3	1	50	0.1	0.25	50	2510.015534	0.087	1	0.0110647290477596
"57"	2	4	1	50	0.1	0.5	200	1144.441338	0.42	1	0.0108355804135137
"58"	2	3	1	50	0.1	0.5	800	642.561285	1.841	1	0.010553733281272
"59"	2	4	1	50	0.1	0.75	600	662.313734	1.624	1	0.010497569108893
"60"	2	3	1	50	0.1	0.75	100	1543.30266	0.266	1	0.00986414432390359
"61"	2	4	1	50	0.1	0.25	300	1088.35276	0.496	1	0.00885138050216473
"62"	2	3	1	50	0.1	0.5	300	905.737958	0.716	1	0.00826821393710059
"63"	2	4	1	50	0.1	0.75	150	1262.024856	0.385	1	0.00822267209494442
"64"	2	4	1	50	0.1	0.5	500	726.000766	1.089	1	0.0080907886062899
"65"	2	4	1	50	0.1	0.75	600	681.478024	1.546	1	0.00783905380367925
"66"	2	4	1	50	0.1	0.5	300	923.298323	0.637	1	0.00746050549345625
"67"	2	4	1	50	0.1	0.5	600	723.818916	1.258	1	0.00711402512146024
"68"	2	4	1	50	0.1	0.75	300	851.696658	0.803	1	0.00704607972745519
"69"	2	4	1	50	0.1	0.5	900	631.12954	1.913	1	0.00702911638908781
"70"	2	4	1	50	0.1	0.5	300	912.371022	0.651	1	0.00689999106905449
"71"	2	4	1	50	0.1	0.5	600	708.896391	1.27	1	0.00678801946932427
"72"	2	4	1	50	0.1	0.75	300	891.888894	0.771	1	0.00631029285753979
"73"	2	4	1	50	0.1	0.75	300	838.627538	0.804	1	0.0061481099948709
"74"	2	4	1	50	0.1	0.75	900	615.845069	2.433	1	0.00611156615334887
"75"	2	4	1	50	0.1	0.75	300	877.082902	0.775	1	0.00578641278645143
"76"	2	4	1	50	0.1	0.75	600	675.515515	1.557	1	0.00574186331696443
"77"	2	4	1	50	0.1	0.5	400	830.849431	0.839	1	0.00563239091518424
"78"	2	4	1	50	0.1	0.5	600	710.031117	1.267	1	0.00542772642617701
"79"	2	4	1	50	0.1	0.75	300	889.34111	0.773	1	0.00532284780975398
"80"	2	4	1	50	0.1	0.75	600	665.720712	1.56	1	0.00524751015149461
"81"	2	4	1	50	0.1	0.5	400	819.572771	0.841	1	0.0051886674516173
"82"	2	4	1	50	0.1	0.75	900	622.53667	2.374	1	0.00506319646353111
"83"	2	4	1	50	0.1	0.75	300	863.978353	0.795	1	0.00487644056918107
"84"	2	4	1	50	0.1	0.5	900	639.107735	1.91	1	0.00465447141816663
"85"	2	4	1	50	0.1	0.75	900	628.927162	2.339	1	0.00450918135666755
"86"	2	4	1	50	0.1	0.75	300	858.211265	0.798	1	0.00445235397643305
"87"	2	4	1	50	0.1	0.5	300	932.848991	0.633	1	0.00441737107458549
"88"	2	4	1	100	0.1	0.5	900	604.728757	4.386	1	0.00424377268176101
"89"	2	4	1	100	0.1	0.5	900	607.224884	4.29	1	0.00376229964145171
"90"	2	4	1	50	0.1	0.75	300	871.745997	0.793	1	0.00310158123250113
"91"	2	4	1	50	0.1	0.5	400	835.267048	0.838	1	0.00305631424898999
"92"	2	4	1	50	0.1	0.75	900	627.956047	2.34	1	0.00256042097426992
"93"	2	4	1	50	0.1	0.75	300	873.215847	0.776	1	0.00173968651338089
"94"	2	4	1	100	0.1	0.5	900	604.887036	4.335	1	0.001650840554683
"95"	2	4	1	50	0.1	0.75	300	872.281241	0.778	1	0.000659652030159899
