""	""	""	""	""	""	""	""	""	"rnkIndex"	""
"1"	2	2	1	50	0.1	0.1	50	1260	0.091	1	Inf
"2"	2	4	1	50	0.1	0.5	50	937	0.214	1	Inf
"3"	2	2	1	50	0.1	0.1	50	1109	0.093	1	0.252226682572131
"4"	2	4	1	50	0.1	0.1	50	1238	0.092	1	0.243855276769937
"5"	2	4	1	50	0.1	0.1	50	1082	0.096	1	0.171888410954971
"6"	2	2	1	50	0.1	0.1	50	1003	0.099	1	0.129952927084004
"7"	2	2	1	50	0.1	0.25	50	958	0.14	1	0.0855588609443292
"8"	2	4	1	50	0.1	0.25	50	993	0.135	1	0.0767986457255713
"9"	2	4	1	50	0.1	0.25	50	941	0.146	1	0.0396199517886223
"10"	2	2	1	50	0.1	0.1	50	1002	0.102	1	0.0216530463749895
"11"	2	4	1	50	0.1	0.5	50	940	0.209	1	0.0168858617907507
"12"	2	4	1	50	0.1	0.1	50	1276	0.091	2	Inf
"13"	2	4	1	50	0.1	0.5	50	937	0.217	2	Inf
"14"	2	4	1	50	0.1	0.5	50	937	0.217	2	Inf
"15"	2	4	1	50	0.1	0.1	50	1256	0.092	2	0.234177857415098
"16"	2	4	1	50	0.1	0.1	50	1131	0.093	2	0.231105495800066
"17"	2	4	1	50	0.1	0.25	50	993	0.138	2	0.0994612106302623
"18"	2	4	1	50	0.1	0.25	50	1021	0.133	2	0.0754176421963401
"19"	2	2	1	50	0.1	0.1	50	1065	0.1	2	0.0698151732194212
"20"	2	4	1	50	0.1	0.25	50	960	0.14	2	0.0631316606196201
"21"	2	4	1	50	0.1	0.1	50	1113	0.095	2	0.058524850638776
"22"	2	4	1	50	0.1	0.1	50	1088	0.099	2	0.0470810832215496
"23"	2	4	1	50	0.1	0.5	50	943	0.204	2	0.0393130621154598
"24"	2	4	1	50	0.1	0.25	50	955	0.15	2	0.0372398243799096
"25"	2	4	1	50	0.1	0.1	50	1037	0.109	2	0.0367079647769853
"26"	2	4	1	50	0.1	0.1	50	1045	0.102	2	0.0359442054774857
"27"	2	2	1	50	0.1	0.1	50	1095	0.096	2	0.0311054958000663
"28"	2	2	1	50	0.1	0.1	50	1094	0.098	2	0.0117506570903889
"29"	2	2	1	50	0.1	0.1	50	1041	0.104	2	0.0105980883743262
"30"	2	4	1	50	0.1	0.1	50	1043	0.103	2	0.0067585025763883
"31"	2	4	1	50	0.1	0.5	50	937	0.218	3	Inf
"32"	2	4	1	50	0.1	0.1	50	1457	0.091	3	Inf
"33"	2	4	1	50	0.1	0.1	50	1317	0.092	3	0.445468179995743
"34"	2	4	1	50	0.1	0.1	50	1181	0.093	3	0.277726244511872
"35"	2	4	1	50	0.1	0.1	50	1097	0.096	3	0.0910898048280675
"36"	2	4	1	50	0.1	0.25	50	993	0.139	3	0.082871843862454
"37"	2	4	1	50	0.1	0.1	50	1145	0.094	3	0.0825649541892915
"38"	2	2	1	50	0.1	0.1	50	1130	0.095	3	0.0777262445118722
"39"	2	4	1	50	0.1	0.25	50	1024	0.136	3	0.0715815212818089
"40"	2	4	1	50	0.1	0.1	50	1074	0.1	3	0.0507672241829062
"41"	2	4	1	50	0.1	0.25	50	973	0.14	3	0.0504603345097437
"42"	2	4	1	50	0.1	0.1	50	1066	0.101	3	0.0488474312839373
"43"	2	2	1	50	0.1	0.1	50	1044	0.103	3	0.0402406609017607
"44"	2	4	1	50	0.1	0.5	50	953	0.216	3	0.0297994822474224
"45"	2	4	1	50	0.1	0.25	50	1037	0.135	3	0.0228875348344528
"46"	2	4	1	50	0.1	0.25	50	962	0.142	3	0.0220418557915526
"47"	2	2	1	50	0.1	0.25	50	960	0.147	3	0.0198047785692011
"48"	2	4	1	50	0.1	0.5	50	956	0.208	3	0.0181918753433947
"49"	2	4	1	50	0.1	0.25	50	1038	0.134	3	0.0162005573512451
"50"	2	2	1	50	0.1	0.1	50	1044	0.103	3	0.00998430902800121
"51"	2	4	1	50	0.1	0.5	50	955	0.213	3	0.00606626837006935
"52"	2	2	1	50	0.1	0.1	50	1339	0.092	4	Inf
"53"	2	2	1	50	0.1	0.5	50	937	0.223	4	Inf
"54"	2	2	1	50	0.1	0.5	50	937	0.223	4	Inf
"55"	2	4	1	50	0.1	0.1	50	1244	0.093	4	0.298693986447356
"56"	2	4	1	50	0.1	0.1	50	1154	0.094	4	0.164823018705421
"57"	2	4	1	50	0.1	0.1	50	1142	0.095	4	0.0825649541892915
"58"	2	2	1	50	0.1	0.25	50	1027	0.138	4	0.0748073277334218
"59"	2	4	1	50	0.1	0.25	50	1001	0.139	4	0.0728875348344528
"60"	2	4	1	50	0.1	0.1	50	1103	0.096	4	0.0712746316086464
"61"	2	2	1	50	0.1	0.1	50	1075	0.1	4	0.0475414177312933
"62"	2	4	1	50	0.1	0.1	50	1098	0.097	4	0.0457750696689056
"63"	2	2	1	50	0.1	0.25	50	982	0.14	4	0.0438552767699367
"64"	2	4	1	50	0.1	0.25	50	1047	0.135	4	0.0415466744544046
"65"	2	2	1	50	0.1	0.1	50	1069	0.102	4	0.0391700119290986
"66"	2	2	1	50	0.1	0.1	50	1051	0.103	4	0.0317192751463913
"67"	2	4	1	50	0.1	0.5	50	940	0.219	4	0.0265736757958095
"68"	2	4	1	50	0.1	0.25	50	974	0.141	4	0.0261133412860657
"69"	2	3	1	50	0.1	0.5	50	953	0.218	4	0.0246538828968405
"70"	2	4	1	50	0.1	0.25	50	966	0.142	4	0.0204289525657462
"71"	2	2	1	50	0.1	0.25	50	962	0.148	4	0.0199582234057824
"72"	2	2	1	50	0.1	0.5	50	960	0.209	4	0.016425527281007
"73"	2	3	1	50	0.1	0.1	50	1050	0.109	4	0.0113618476738258
"74"	2	4	1	50	0.1	0.5	50	958	0.213	4	0.0056059338603256
"75"	2	4	1	50	0.1	0.5	50	957	0.214	4	0.0052990441871631
"76"	2	2	1	50	0.1	0.5	50	955	0.216	4	0.0035326961247754
"77"	2	4	1	50	0.1	0.5	50	955	0.216	4	0.0035326961247754
"78"	2	2	1	50	0.1	0.5	50	937	0.223	4	0
"79"	2	2	1	50	0.1	0.5	50	955	0.216	4	0
"80"	2	4	1	50	0.1	0.5	50	937	0.223	4	0
"81"	2	4	1	50	0.1	0.5	50	937	0.224	5	Inf
"82"	2	2	1	50	0.1	0.5	50	937	0.224	5	Inf
"83"	2	4	1	50	0.1	0.1	50	1257	0.093	5	Inf
"84"	2	2	1	50	0.1	0.1	50	1172	0.094	5	0.179339147737679
"85"	2	4	1	50	0.1	0.25	50	1022	0.139	5	0.115201433471764
"86"	2	2	1	50	0.1	0.1	50	1051	0.104	5	0.100838749276087
"87"	2	4	1	50	0.1	0.1	50	1146	0.095	5	0.0970810832215496
"88"	2	4	1	50	0.1	0.25	50	983	0.14	5	0.0764202309592282
"89"	2	4	1	50	0.1	0.1	50	1112	0.096	5	0.0728875348344528
"90"	2	2	1	50	0.1	0.1	50	1081	0.102	5	0.0536861409613566
"91"	2	2	1	50	0.1	0.1	50	1101	0.097	5	0.0377105535398734
"92"	2	4	1	50	0.1	0.5	50	951	0.219	5	0.0352519712711667
"93"	2	4	1	50	0.1	0.1	50	1089	0.1	5	0.0280331341850347
"94"	2	4	1	50	0.1	0.5	50	961	0.211	5	0.0280227395348147
"95"	2	2	1	50	0.1	0.25	50	962	0.152	5	0.0241831537368768
"96"	2	4	1	50	0.1	0.5	50	940	0.22	5	0.0233478693441966
"97"	2	4	1	50	0.1	0.25	50	970	0.148	5	0.0223487454647151
"98"	2	4	1	50	0.1	0.25	50	975	0.143	5	0.0221953006281339
"99"	2	2	1	50	0.1	0.1	50	1084	0.101	5	0.0132101154796141
"100"	2	4	1	50	0.1	0.1	50	1154	0.095	6	Inf
